0.000000 1.000000 1.000000 1.000000
0.025000 0.592308 0.666667 0.688488
0.050000 0.571429 0.664452 0.653207
0.075000 0.565657 0.640674 0.635945
0.100000 0.545287 0.624406 0.578586
0.125000 0.537118 0.582249 0.523464
0.150000 0.535671 0.531896 0.447347
0.175000 0.531606 0.482361 0.371130
0.200000 0.511444 0.419329 0.257700
0.225000 0.493994 0.361854 0.180923
0.250000 0.458913 0.277652 0.000000
0.275000 0.441322 0.174571 0.000000
0.300000 0.417861 0.000000 0.000000
0.325000 0.393422 0.000000 0.000000
0.350000 0.360766 0.000000 0.000000
0.375000 0.318155 0.000000 0.000000
0.400000 0.267249 0.000000 0.000000
0.425000 0.187383 0.000000 0.000000
0.450000 0.000000 0.000000 0.000000
0.475000 0.000000 0.000000 0.000000
0.500000 0.000000 0.000000 0.000000
0.525000 0.000000 0.000000 0.000000
0.550000 0.000000 0.000000 0.000000
0.575000 0.000000 0.000000 0.000000
0.600000 0.000000 0.000000 0.000000
0.625000 0.000000 0.000000 0.000000
0.650000 0.000000 0.000000 0.000000
0.675000 0.000000 0.000000 0.000000
0.700000 0.000000 0.000000 0.000000
0.725000 0.000000 0.000000 0.000000
0.750000 0.000000 0.000000 0.000000
0.775000 0.000000 0.000000 0.000000
0.800000 0.000000 0.000000 0.000000
0.825000 0.000000 0.000000 0.000000
0.850000 0.000000 0.000000 0.000000
0.875000 0.000000 0.000000 0.000000
0.900000 0.000000 0.000000 0.000000
0.925000 0.000000 0.000000 0.000000
0.950000 0.000000 0.000000 0.000000
0.975000 0.000000 0.000000 0.000000
1.000000 0.000000 0.000000 0.000000
