0.000000 0.999670 0.999670 0.999670
0.025000 0.962397 0.966358 0.963685
0.050000 0.954349 0.959535 0.952452
0.075000 0.946400 0.947494 0.938414
0.100000 0.946400 0.944839 0.928724
0.125000 0.926903 0.932398 0.920168
0.150000 0.919926 0.922951 0.912345
0.175000 0.919926 0.915260 0.908147
0.200000 0.904980 0.912322 0.904259
0.225000 0.903466 0.909752 0.902309
0.250000 0.895771 0.908053 0.901184
0.275000 0.891702 0.903092 0.901184
0.300000 0.886187 0.902316 0.901184
0.325000 0.879930 0.901217 0.898394
0.350000 0.879778 0.900972 0.897385
0.375000 0.875688 0.900223 0.895964
0.400000 0.875389 0.900223 0.891674
0.425000 0.874375 0.897982 0.888849
0.450000 0.874160 0.897234 0.882958
0.475000 0.871991 0.895816 0.879191
0.500000 0.869761 0.894955 0.873421
0.525000 0.868729 0.891524 0.866908
0.550000 0.867028 0.889393 0.861857
0.575000 0.865788 0.885412 0.854176
0.600000 0.865782 0.881443 0.845731
0.625000 0.865782 0.878369 0.835843
0.650000 0.863624 0.872097 0.822336
0.675000 0.863624 0.866334 0.803840
0.700000 0.863476 0.861789 0.775441
0.725000 0.861217 0.856499 0.717206
0.750000 0.858569 0.849120 0.648484
0.775000 0.854814 0.839056 0.000000
0.800000 0.848692 0.830222 0.000000
0.825000 0.845242 0.817775 0.000000
0.850000 0.837241 0.799130 0.000000
0.875000 0.832150 0.768018 0.000000
0.900000 0.824513 0.659366 0.000000
0.925000 0.815513 0.631970 0.000000
0.950000 0.792325 0.000000 0.000000
0.975000 0.748216 0.000000 0.000000
1.000000 0.590475 0.000000 0.000000
