0.000000 1.000000 1.000000 1.000000
0.025000 0.465190 0.578082 0.586354
0.050000 0.465190 0.540761 0.536468
0.075000 0.435171 0.526499 0.508297
0.100000 0.435171 0.495904 0.446982
0.125000 0.416953 0.444245 0.367194
0.150000 0.412742 0.390558 0.261734
0.175000 0.397816 0.324541 0.146604
0.200000 0.379310 0.229893 0.000000
0.225000 0.360286 0.138100 0.000000
0.250000 0.335484 0.000000 0.000000
0.275000 0.315063 0.000000 0.000000
0.300000 0.286842 0.000000 0.000000
0.325000 0.242238 0.000000 0.000000
0.350000 0.155414 0.000000 0.000000
0.375000 0.000000 0.000000 0.000000
0.400000 0.000000 0.000000 0.000000
0.425000 0.000000 0.000000 0.000000
0.450000 0.000000 0.000000 0.000000
0.475000 0.000000 0.000000 0.000000
0.500000 0.000000 0.000000 0.000000
0.525000 0.000000 0.000000 0.000000
0.550000 0.000000 0.000000 0.000000
0.575000 0.000000 0.000000 0.000000
0.600000 0.000000 0.000000 0.000000
0.625000 0.000000 0.000000 0.000000
0.650000 0.000000 0.000000 0.000000
0.675000 0.000000 0.000000 0.000000
0.700000 0.000000 0.000000 0.000000
0.725000 0.000000 0.000000 0.000000
0.750000 0.000000 0.000000 0.000000
0.775000 0.000000 0.000000 0.000000
0.800000 0.000000 0.000000 0.000000
0.825000 0.000000 0.000000 0.000000
0.850000 0.000000 0.000000 0.000000
0.875000 0.000000 0.000000 0.000000
0.900000 0.000000 0.000000 0.000000
0.925000 0.000000 0.000000 0.000000
0.950000 0.000000 0.000000 0.000000
0.975000 0.000000 0.000000 0.000000
1.000000 0.000000 0.000000 0.000000
