0.000000 1.000000 1.000000 1.000000
0.025000 0.963415 0.967290 0.965870
0.050000 0.956790 0.962529 0.955631
0.075000 0.949045 0.950637 0.944072
0.100000 0.949045 0.948317 0.938671
0.125000 0.929293 0.940057 0.932019
0.150000 0.923351 0.933178 0.924791
0.175000 0.923351 0.926125 0.921914
0.200000 0.912863 0.922584 0.921914
0.225000 0.912863 0.920930 0.921914
0.250000 0.906863 0.920930 0.921914
0.275000 0.904232 0.919000 0.921914
0.300000 0.898773 0.919000 0.921914
0.325000 0.891612 0.919000 0.921366
0.350000 0.890639 0.919000 0.920734
0.375000 0.886640 0.918391 0.920734
0.400000 0.885758 0.918391 0.918743
0.425000 0.885734 0.917943 0.917471
0.450000 0.885734 0.916925 0.914010
0.475000 0.884271 0.916463 0.912373
0.500000 0.883495 0.916240 0.907331
0.525000 0.883132 0.914254 0.903596
0.550000 0.881644 0.913328 0.899701
0.575000 0.880077 0.910352 0.894916
0.600000 0.880077 0.907624 0.888649
0.625000 0.880077 0.905428 0.880463
0.650000 0.877907 0.900106 0.869327
0.675000 0.877907 0.896441 0.853386
0.700000 0.877859 0.892776 0.828510
0.725000 0.876143 0.888699 0.770036
0.750000 0.873200 0.882942 0.698068
0.775000 0.870843 0.874337 0.000000
0.800000 0.864955 0.867153 0.000000
0.825000 0.862230 0.856201 0.000000
0.850000 0.854080 0.839563 0.000000
0.875000 0.849082 0.810684 0.000000
0.900000 0.841648 0.699122 0.000000
0.925000 0.832714 0.670596 0.000000
0.950000 0.810628 0.000000 0.000000
0.975000 0.766297 0.000000 0.000000
1.000000 0.605464 0.000000 0.000000
