0.000000 0.999029 0.999029 0.999029
0.025000 0.934743 0.918201 0.913244
0.050000 0.918201 0.833197 0.841624
0.075000 0.888839 0.753306 0.737413
0.100000 0.834029 0.731610 0.737413
0.125000 0.782668 0.731610 0.722271
0.150000 0.735238 0.727116 0.722271
0.175000 0.735238 0.727116 0.695096
0.200000 0.734828 0.683077 0.681659
0.225000 0.733199 0.670152 0.666861
0.250000 0.733199 0.659377 0.652456
0.275000 0.733199 0.647630 0.635982
0.300000 0.733199 0.633126 0.627324
0.325000 0.733199 0.622939 0.615010
0.350000 0.710904 0.614985 0.588316
0.375000 0.696469 0.589496 0.576074
0.400000 0.682788 0.579520 0.560543
0.425000 0.665716 0.554177 0.543180
0.450000 0.665586 0.544169 0.503594
0.475000 0.653706 0.510760 0.492434
0.500000 0.651752 0.488020 0.000000
0.525000 0.629077 0.000000 0.000000
0.550000 0.620084 0.000000 0.000000
0.575000 0.620084 0.000000 0.000000
0.600000 0.610099 0.000000 0.000000
0.625000 0.584613 0.000000 0.000000
0.650000 0.571951 0.000000 0.000000
0.675000 0.561783 0.000000 0.000000
0.700000 0.544637 0.000000 0.000000
0.725000 0.533161 0.000000 0.000000
0.750000 0.516793 0.000000 0.000000
0.775000 0.476876 0.000000 0.000000
0.800000 0.000000 0.000000 0.000000
0.825000 0.000000 0.000000 0.000000
0.850000 0.000000 0.000000 0.000000
0.875000 0.000000 0.000000 0.000000
0.900000 0.000000 0.000000 0.000000
0.925000 0.000000 0.000000 0.000000
0.950000 0.000000 0.000000 0.000000
0.975000 0.000000 0.000000 0.000000
1.000000 0.000000 0.000000 0.000000
