0.000000 1.000000 1.000000 1.000000
0.025000 1.000000 1.000000 1.000000
0.050000 1.000000 1.000000 1.000000
0.075000 1.000000 0.921348 0.918367
0.100000 1.000000 0.921348 0.918367
0.125000 0.945946 0.921348 0.918367
0.150000 0.917647 0.921348 0.918367
0.175000 0.917647 0.913462 0.905172
0.200000 0.917647 0.900826 0.895522
0.225000 0.917647 0.884058 0.876623
0.250000 0.917647 0.871795 0.857143
0.275000 0.917647 0.857143 0.833333
0.300000 0.913043 0.831633 0.821918
0.325000 0.910000 0.819444 0.802469
0.350000 0.899083 0.805085 0.774908
0.375000 0.897436 0.775665 0.752508
0.400000 0.875000 0.759582 0.733945
0.425000 0.862319 0.731013 0.708333
0.450000 0.857143 0.714286 0.661765
0.475000 0.847134 0.677165 0.647059
0.500000 0.839286 0.643705 0.000000
0.525000 0.817680 0.000000 0.000000
0.550000 0.803109 0.000000 0.000000
0.575000 0.794118 0.000000 0.000000
0.600000 0.786047 0.000000 0.000000
0.625000 0.755365 0.000000 0.000000
0.650000 0.740891 0.000000 0.000000
0.675000 0.725191 0.000000 0.000000
0.700000 0.706093 0.000000 0.000000
0.725000 0.684564 0.000000 0.000000
0.750000 0.661442 0.000000 0.000000
0.775000 0.606145 0.000000 0.000000
0.800000 0.000000 0.000000 0.000000
0.825000 0.000000 0.000000 0.000000
0.850000 0.000000 0.000000 0.000000
0.875000 0.000000 0.000000 0.000000
0.900000 0.000000 0.000000 0.000000
0.925000 0.000000 0.000000 0.000000
0.950000 0.000000 0.000000 0.000000
0.975000 0.000000 0.000000 0.000000
1.000000 0.000000 0.000000 0.000000
