0.000000 0.233333 0.263804 0.241071
0.025000 0.233333 0.263804 0.241071
0.050000 0.225296 0.228947 0.211650
0.075000 0.189310 0.205047 0.176026
0.100000 0.181380 0.115156 0.096912
0.125000 0.105419 0.104353 0.000000
0.150000 0.097544 0.000000 0.000000
0.175000 0.000000 0.000000 0.000000
0.200000 0.000000 0.000000 0.000000
0.225000 0.000000 0.000000 0.000000
0.250000 0.000000 0.000000 0.000000
0.275000 0.000000 0.000000 0.000000
0.300000 0.000000 0.000000 0.000000
0.325000 0.000000 0.000000 0.000000
0.350000 0.000000 0.000000 0.000000
0.375000 0.000000 0.000000 0.000000
0.400000 0.000000 0.000000 0.000000
0.425000 0.000000 0.000000 0.000000
0.450000 0.000000 0.000000 0.000000
0.475000 0.000000 0.000000 0.000000
0.500000 0.000000 0.000000 0.000000
0.525000 0.000000 0.000000 0.000000
0.550000 0.000000 0.000000 0.000000
0.575000 0.000000 0.000000 0.000000
0.600000 0.000000 0.000000 0.000000
0.625000 0.000000 0.000000 0.000000
0.650000 0.000000 0.000000 0.000000
0.675000 0.000000 0.000000 0.000000
0.700000 0.000000 0.000000 0.000000
0.725000 0.000000 0.000000 0.000000
0.750000 0.000000 0.000000 0.000000
0.775000 0.000000 0.000000 0.000000
0.800000 0.000000 0.000000 0.000000
0.825000 0.000000 0.000000 0.000000
0.850000 0.000000 0.000000 0.000000
0.875000 0.000000 0.000000 0.000000
0.900000 0.000000 0.000000 0.000000
0.925000 0.000000 0.000000 0.000000
0.950000 0.000000 0.000000 0.000000
0.975000 0.000000 0.000000 0.000000
1.000000 0.000000 0.000000 0.000000
