0.000000 0.247826 0.284768 0.267327
0.025000 0.247826 0.284768 0.267327
0.050000 0.247826 0.250720 0.247166
0.075000 0.236769 0.229682 0.221467
0.100000 0.205829 0.215347 0.110874
0.125000 0.191117 0.119474 0.000000
0.150000 0.112936 0.000000 0.000000
0.175000 0.000000 0.000000 0.000000
0.200000 0.000000 0.000000 0.000000
0.225000 0.000000 0.000000 0.000000
0.250000 0.000000 0.000000 0.000000
0.275000 0.000000 0.000000 0.000000
0.300000 0.000000 0.000000 0.000000
0.325000 0.000000 0.000000 0.000000
0.350000 0.000000 0.000000 0.000000
0.375000 0.000000 0.000000 0.000000
0.400000 0.000000 0.000000 0.000000
0.425000 0.000000 0.000000 0.000000
0.450000 0.000000 0.000000 0.000000
0.475000 0.000000 0.000000 0.000000
0.500000 0.000000 0.000000 0.000000
0.525000 0.000000 0.000000 0.000000
0.550000 0.000000 0.000000 0.000000
0.575000 0.000000 0.000000 0.000000
0.600000 0.000000 0.000000 0.000000
0.625000 0.000000 0.000000 0.000000
0.650000 0.000000 0.000000 0.000000
0.675000 0.000000 0.000000 0.000000
0.700000 0.000000 0.000000 0.000000
0.725000 0.000000 0.000000 0.000000
0.750000 0.000000 0.000000 0.000000
0.775000 0.000000 0.000000 0.000000
0.800000 0.000000 0.000000 0.000000
0.825000 0.000000 0.000000 0.000000
0.850000 0.000000 0.000000 0.000000
0.875000 0.000000 0.000000 0.000000
0.900000 0.000000 0.000000 0.000000
0.925000 0.000000 0.000000 0.000000
0.950000 0.000000 0.000000 0.000000
0.975000 0.000000 0.000000 0.000000
1.000000 0.000000 0.000000 0.000000
