0.000000 1.000000 1.000000 1.000000
0.025000 0.966102 0.970149 0.964602
0.050000 0.966102 0.970149 0.964602
0.075000 0.965909 0.970149 0.954225
0.100000 0.965812 0.952555 0.954225
0.125000 0.946667 0.952555 0.954225
0.150000 0.945833 0.952555 0.945087
0.175000 0.945833 0.950000 0.942928
0.200000 0.945833 0.945652 0.942197
0.225000 0.944444 0.939525 0.942197
0.250000 0.937086 0.939525 0.938679
0.275000 0.934132 0.939096 0.938679
0.300000 0.931925 0.935484 0.932761
0.325000 0.931925 0.935430 0.920469
0.350000 0.931925 0.932619 0.912365
0.375000 0.927948 0.924823 0.898567
0.400000 0.926531 0.915789 0.883130
0.425000 0.925144 0.908979 0.868297
0.450000 0.920578 0.894857 0.848827
0.475000 0.918228 0.883422 0.816456
0.500000 0.907200 0.873494 0.795022
0.525000 0.900151 0.854069 0.742839
0.550000 0.891429 0.834206 0.688940
0.575000 0.876344 0.804505 0.686319
0.600000 0.861850 0.788360 0.000000
0.625000 0.851140 0.738451 0.000000
0.650000 0.831828 0.685870 0.000000
0.675000 0.819058 0.675355 0.000000
0.700000 0.798793 0.000000 0.000000
0.725000 0.768224 0.000000 0.000000
0.750000 0.731728 0.000000 0.000000
0.775000 0.666920 0.000000 0.000000
0.800000 0.634286 0.000000 0.000000
0.825000 0.000000 0.000000 0.000000
0.850000 0.000000 0.000000 0.000000
0.875000 0.000000 0.000000 0.000000
0.900000 0.000000 0.000000 0.000000
0.925000 0.000000 0.000000 0.000000
0.950000 0.000000 0.000000 0.000000
0.975000 0.000000 0.000000 0.000000
1.000000 0.000000 0.000000 0.000000
