0.000000 0.976643 0.811017 0.811017
0.025000 0.709099 0.735900 0.715573
0.050000 0.709099 0.718623 0.690577
0.075000 0.690511 0.709352 0.690577
0.100000 0.690511 0.690226 0.676358
0.125000 0.685757 0.675103 0.669139
0.150000 0.681248 0.668616 0.660807
0.175000 0.664338 0.666369 0.644620
0.200000 0.660103 0.648245 0.644620
0.225000 0.651025 0.639903 0.644620
0.250000 0.641420 0.639903 0.635179
0.275000 0.634336 0.639903 0.624026
0.300000 0.634336 0.630768 0.617245
0.325000 0.634336 0.619129 0.599967
0.350000 0.634336 0.614644 0.588313
0.375000 0.631567 0.608214 0.571327
0.400000 0.622494 0.591017 0.551945
0.425000 0.614859 0.581621 0.542259
0.450000 0.609315 0.565088 0.529708
0.475000 0.609227 0.550936 0.508936
0.500000 0.596114 0.540942 0.490476
0.525000 0.583976 0.529753 0.455803
0.550000 0.575253 0.517045 0.418552
0.575000 0.561553 0.496619 0.416803
0.600000 0.543235 0.483711 0.000000
0.625000 0.533906 0.449854 0.000000
0.650000 0.521932 0.413610 0.000000
0.675000 0.513518 0.406986 0.000000
0.700000 0.500529 0.000000 0.000000
0.725000 0.477955 0.000000 0.000000
0.750000 0.451716 0.000000 0.000000
0.775000 0.409499 0.000000 0.000000
0.800000 0.387282 0.000000 0.000000
0.825000 0.000000 0.000000 0.000000
0.850000 0.000000 0.000000 0.000000
0.875000 0.000000 0.000000 0.000000
0.900000 0.000000 0.000000 0.000000
0.925000 0.000000 0.000000 0.000000
0.950000 0.000000 0.000000 0.000000
0.975000 0.000000 0.000000 0.000000
1.000000 0.000000 0.000000 0.000000
