Car -1 -1 -1.835449 751.406907 175.989753 924.287072 302.889609 1.639398 1.594509 3.765101 3.269561 1.700652 11.264494 -1.552957 0.999942
Car -1 -1 -2.130219 833.071195 186.952029 1302.553859 470.235012 1.502978 1.598943 3.773934 3.068539 1.655159 6.076093 -1.662565 0.999916
Car -1 -1 -1.482207 678.452219 180.277903 741.362899 228.698643 1.431211 1.522205 3.374461 3.177928 1.707138 23.844621 -1.349711 0.999859
Car -1 -1 0.521238 449.667568 175.782804 543.655197 212.141395 1.472950 1.675113 3.813072 -4.979324 1.637010 31.686904 0.365372 0.999693
Car -1 -1 -0.106152 389.901803 177.718240 505.850055 228.387671 1.474033 1.704762 3.309540 -5.020484 1.647351 22.069425 -0.329832 0.999583
Car -1 -1 -2.568290 -70.713366 182.369585 304.904592 311.423171 1.512714 1.636634 4.112594 -6.555641 1.668733 9.895148 3.129776 0.999413
Car -1 -1 2.996873 294.215667 178.973704 466.954579 246.022843 1.508316 1.689695 3.882152 -5.779557 1.691739 18.001084 2.686202 0.999054
Car -1 -1 2.692672 190.901835 182.495794 399.323463 257.389668 1.440382 1.606778 3.748472 -6.683428 1.681086 15.533370 2.286352 0.998992
Car -1 -1 1.110695 516.213391 171.450622 562.806437 197.757588 1.626199 1.643769 3.767720 -4.802775 1.604495 48.747254 1.012488 0.990408
Car -1 -1 -1.096445 715.218444 178.896371 782.028090 218.064441 1.455876 1.617316 3.672295 5.858019 1.757000 31.196552 -0.910829 0.971820
Car -1 -1 1.509667 637.399289 162.287920 673.730766 198.836980 1.732058 1.650938 3.534312 2.230307 1.222519 36.858888 1.570102 0.960597
