Car -1 -1 1.956919 171.679835 200.053944 368.851984 308.764731 1.494850 1.685087 4.020339 -5.865389 2.040414 12.855061 1.528863 0.999950
Car -1 -1 1.851927 322.456080 195.141252 429.890107 264.535751 1.481167 1.640991 3.793354 -5.999467 2.121434 18.764970 1.542482 0.999844
Car -1 -1 1.379134 474.345859 187.661582 522.268986 219.779811 1.500672 1.617477 3.979011 -5.905406 2.334874 38.222996 1.225847 0.999572
Car -1 -1 1.414167 387.517890 192.323525 463.146200 245.593050 1.526978 1.546439 3.659167 -6.067281 2.222664 24.048958 1.167035 0.999428
Car -1 -1 1.740357 434.720521 189.014344 490.140405 231.698280 1.580028 1.631531 3.926603 -6.126382 2.295879 30.095960 1.539539 0.999259
Car -1 -1 -3.050921 798.235388 156.228691 941.824123 209.176621 1.612777 1.596002 4.492125 8.968590 1.100198 24.964559 -2.706027 0.998480
Car -1 -1 1.771485 679.383281 180.152091 743.465994 219.597011 1.374692 1.523988 3.994660 3.889555 1.695552 28.401678 1.907587 0.887633
Car -1 -1 1.203512 1079.517271 145.213436 1146.012687 179.110828 1.514006 1.417091 3.057750 24.407347 0.245653 34.969014 1.812875 0.840511
Car -1 -1 2.118878 1136.455141 141.965832 1245.419493 179.730163 1.477951 1.655811 4.302542 25.795406 0.197888 31.999686 2.797336 0.832058
Car -1 -1 1.367921 518.287957 182.354313 551.286350 207.327669 1.609431 1.470550 3.450832 -5.228869 2.329912 50.381488 1.264506 0.658766
