Car -1 -1 -1.875966 801.419302 184.276672 1080.716955 371.869553 1.510080 1.573090 3.780042 3.216402 1.659660 7.926964 -1.490509 0.999971
Car -1 -1 -1.827745 736.567592 176.339194 876.602671 281.977906 1.644834 1.584612 3.624191 3.390359 1.722060 13.266488 -1.577542 0.999915
Car -1 -1 -1.739133 677.731290 180.635526 738.250127 225.353006 1.397551 1.520903 3.511562 3.281707 1.697255 25.108644 -1.609169 0.999766
Car -1 -1 -2.435232 238.947016 181.005211 422.695199 253.968689 1.448342 1.618699 4.067036 -6.387302 1.674749 16.674790 -2.801043 0.999744
Car -1 -1 0.961668 406.137000 178.287277 513.215422 225.739317 1.479749 1.711136 3.444967 -5.071027 1.681760 23.758973 0.751387 0.999733
Car -1 -1 -0.013100 459.641952 176.673118 548.934449 210.068611 1.446385 1.708992 3.975278 -4.934039 1.667792 33.549771 -0.159120 0.999269
Car -1 -1 -2.974244 28.675364 182.709755 344.906535 287.652596 1.485356 1.666653 4.167791 -6.467656 1.660422 11.516179 2.797224 0.999242
Car -1 -1 -3.074531 346.192668 178.915565 478.113113 235.727584 1.510428 1.714899 3.666498 -5.715532 1.718821 20.733616 2.939670 0.998024
Car -1 -1 -1.391693 706.380675 177.164145 773.865930 220.886506 1.438803 1.602809 3.722900 4.809659 1.643457 27.369270 -1.217737 0.988579
Car -1 -1 1.164727 533.116223 170.240566 576.507194 195.812443 1.583590 1.645338 3.682815 -3.806920 1.467519 49.177896 1.087470 0.949941
Car -1 -1 1.500206 639.343141 162.565335 674.202252 198.040506 1.758769 1.668537 3.433217 2.380542 1.251844 38.504337 1.561952 0.926119
