Car -1 -1 1.649789 552.305856 180.549743 597.622699 218.489958 1.504764 1.682970 4.129981 -1.129079 1.509165 32.088557 1.614617 0.999431
Pedestrian -1 -1 0.508263 364.788204 168.382174 423.643061 285.024095 1.652550 0.615098 0.588098 -3.051052 1.456111 10.431879 0.223725 0.999169
Pedestrian -1 -1 0.049221 737.539409 170.202438 796.895534 316.663027 1.733192 0.713095 0.834872 2.127498 1.626647 9.414086 0.271478 0.998957
Pedestrian -1 -1 0.418357 857.479042 168.988213 920.392816 287.384515 1.739813 0.605259 0.723372 4.452572 1.564473 11.225393 0.795973 0.998130
Pedestrian -1 -1 0.805910 899.027030 171.055746 967.065261 290.198793 1.762481 0.591362 0.770770 5.171829 1.618257 11.338664 1.233844 0.997504
Pedestrian -1 -1 0.021323 705.209227 177.119297 758.385585 289.549113 1.680618 0.644235 0.847145 2.020419 1.625049 11.440974 0.196116 0.995178
Pedestrian -1 -1 1.885559 678.233625 177.359438 727.777591 277.935669 1.724211 0.628070 0.922923 1.781478 1.670605 12.861209 2.023199 0.989732
Pedestrian -1 -1 -1.118979 780.739603 176.119055 818.548892 258.855058 1.708664 0.588090 0.722558 4.554678 1.642634 16.632719 -0.851693 0.972185
Pedestrian -1 -1 -0.102778 287.430957 176.620263 337.543634 274.071586 1.619405 0.498689 0.731089 -4.896640 1.507311 12.058117 -0.488520 0.971843
Pedestrian -1 -1 -1.187752 638.777962 171.127948 675.762903 249.581545 1.719203 0.560379 1.023132 1.240571 1.506977 16.634531 -1.113311 0.851748
