Pedestrian -1 -1 -1.692859 199.643323 164.019849 288.159608 354.048956 1.713599 0.639678 0.804851 -3.501724 1.544937 6.884678 -2.163383 0.996940
Pedestrian -1 -1 2.991343 534.850854 164.710268 590.841520 258.680387 1.774904 0.655856 1.021871 -0.797061 1.459229 14.074454 2.934772 0.996875
Pedestrian -1 -1 0.571051 983.227897 148.206062 1057.385766 267.948541 1.830168 0.558456 0.853873 6.715361 1.321635 11.600581 1.095797 0.986970
Pedestrian -1 -1 -0.003249 716.336499 168.233702 753.140528 238.213672 1.682282 0.550984 0.924417 3.393053 1.376029 18.495976 0.178182 0.984541
Cyclist -1 -1 -1.939233 120.999398 164.782147 236.725202 334.630590 1.759398 0.502166 1.602372 -4.862123 1.596439 8.249733 -2.471798 0.984157
Pedestrian -1 -1 0.754028 951.348044 157.623938 998.911681 247.956108 1.751141 0.575218 0.582239 7.766754 1.279295 15.015261 1.231386 0.975868
Pedestrian -1 -1 1.486750 762.359962 160.682956 855.429132 369.738350 1.624490 0.660849 0.982376 1.693753 1.483424 6.211185 1.752971 0.971881
Pedestrian -1 -1 2.988696 1114.624623 151.183584 1195.335766 261.605434 1.740106 0.593410 1.041031 9.638634 1.280581 12.598573 -2.641421 0.956459
Pedestrian -1 -1 0.088882 855.769313 153.698821 956.844352 368.708868 1.660052 0.775661 1.051337 2.558882 1.456262 6.244103 0.477815 0.940834
Pedestrian -1 -1 1.375085 798.888725 151.038588 908.059244 374.534974 1.691305 0.610813 0.888732 1.922686 1.430766 5.815393 1.694391 0.862809
Pedestrian -1 -1 1.818525 509.073324 165.674261 539.044250 230.562350 1.723815 0.603174 0.985444 -2.117084 1.267604 19.311720 1.709335 0.569086
