Car -1 -1 -1.849471 789.009973 181.583193 980.746514 310.514417 1.523893 1.618329 3.864894 3.807197 1.674858 10.828084 -1.511368 0.999943
Car -1 -1 1.994344 126.764902 191.022334 382.199190 329.542038 1.474157 1.660596 4.089062 -4.746736 1.781612 10.243584 1.560414 0.999907
Car -1 -1 -1.830567 725.295453 180.910603 845.728988 257.632282 1.491588 1.607926 4.089338 3.857969 1.710913 16.634040 -1.602664 0.999895
Car -1 -1 1.890135 330.559667 187.450733 456.309695 266.850625 1.559957 1.647840 4.030291 -5.000677 1.945016 17.006738 1.604154 0.999829
Car -1 -1 1.779377 508.985789 178.048894 555.676190 210.369537 1.478659 1.603633 3.950594 -3.937817 1.778207 36.797877 1.672771 0.999755
Car -1 -1 1.883262 407.954650 185.630884 493.400940 241.446276 1.528630 1.535043 3.903670 -4.942404 1.976772 22.828933 1.670055 0.999466
Car -1 -1 1.065180 936.503778 177.893920 985.479590 205.113987 1.403518 1.379678 2.812013 19.992176 1.749450 41.333848 1.515683 0.993769
Car -1 -1 3.033811 973.713427 171.771543 1062.487179 211.273661 1.447795 1.507671 3.059269 16.857385 1.465761 30.004091 -2.737489 0.910956
Car -1 -1 1.007349 916.865112 173.921766 969.581321 200.181706 1.511260 1.462602 3.369323 20.745886 1.623006 45.016078 1.439194 0.905630
Car -1 -1 -0.453385 1048.895518 174.287959 1175.637202 213.602698 1.517946 1.842220 3.693188 21.645524 1.691442 31.149768 0.153900 0.831078
Car -1 -1 -1.703174 708.250895 179.891705 762.767364 228.964780 1.498780 1.435281 3.320219 4.130652 1.750287 24.531251 -1.536356 0.787969
Car -1 -1 -1.915601 868.443614 191.450743 1513.247183 543.233916 1.420826 1.590935 3.570753 3.365736 1.597224 4.913276 -1.314994 0.726001
Car -1 -1 -1.696526 692.622485 179.544139 727.930509 214.246845 1.527254 1.408463 2.958660 4.753418 1.861735 35.067700 -1.561797 0.696362
