Car -1 -1 1.895586 307.201591 189.008793 429.476231 263.502814 1.532902 1.681412 3.936468 -5.918491 1.981902 17.935703 1.576853 0.999917
Car -1 -1 1.843292 388.914549 186.717578 467.644244 240.435339 1.535155 1.582764 3.749010 -5.875074 2.031946 23.635737 1.599662 0.999457
Car -1 -1 1.783307 497.284592 180.117943 540.593845 209.608208 1.490128 1.641097 3.971083 -5.133826 1.951641 40.717075 1.657884 0.999375
Car -1 -1 1.802081 434.391946 184.162817 492.524603 226.860190 1.526485 1.531951 3.770919 -5.903694 2.020739 29.374721 1.603745 0.999187
Car -1 -1 -2.818558 776.016971 155.177885 891.451804 196.748065 1.640423 1.526463 4.410016 9.412768 0.908471 30.633971 -2.520449 0.996530
Car -1 -1 1.732374 473.199887 184.532777 517.673885 217.490529 1.473936 1.570611 3.806411 -5.616574 2.097016 35.546838 1.575665 0.989579
Car -1 -1 -0.799592 1126.925362 132.856597 1249.937196 175.517093 1.495721 1.527807 3.661544 21.615867 0.010446 27.114293 -0.126553 0.978094
Car -1 -1 2.211917 -490.065360 210.768542 163.531716 490.603727 1.418980 1.600789 3.914573 -6.089607 1.913961 6.354853 1.447830 0.969745
Car -1 -1 -1.013463 1023.672166 143.875475 1102.129073 175.098965 1.561288 1.515199 4.455965 25.248630 -0.003465 40.196846 -0.452620 0.967751
Car -1 -1 1.247585 673.240302 175.471645 732.388747 209.709390 1.409256 1.495687 3.671224 4.240766 1.562254 33.301916 1.374247 0.933401
Car -1 -1 1.038654 1076.782847 138.238119 1177.979659 174.690887 1.541260 1.591762 4.297031 23.567939 0.003381 32.958437 1.659430 0.897434
