Car -1 -1 2.152087 -17.049886 201.551508 279.668256 361.500176 1.469424 1.542247 3.360150 -5.667986 1.890068 9.051934 1.592651 0.999968
Car -1 -1 1.905165 246.576174 196.967200 397.384508 280.167141 1.450941 1.734066 4.401251 -6.244863 2.054622 16.075624 1.534639 0.999953
Car -1 -1 -1.826869 700.002698 175.641950 809.204234 245.223235 1.505906 1.709001 3.910151 3.463339 1.611097 18.214365 -1.638968 0.999900
Car -1 -1 1.865171 377.158204 189.948312 470.848024 243.986234 1.460855 1.732522 4.156340 -5.909584 2.063153 23.167746 1.615419 0.999798
Car -1 -1 2.237831 851.974381 157.714694 1007.219997 217.590441 1.536170 1.678311 4.096866 8.933714 1.140997 20.102118 2.656032 0.999017
Car -1 -1 -1.749934 659.471056 178.820295 712.376245 216.223010 1.538482 1.621765 3.847929 3.330070 1.820504 32.267027 -1.647095 0.998709
Car -1 -1 -3.005958 910.056164 152.898689 1093.916169 221.112075 1.684496 1.650018 4.120237 10.453242 1.168695 19.397360 -2.511677 0.997854
Car -1 -1 1.771256 482.564721 185.099921 524.177373 215.122237 1.528356 1.635123 3.752240 -6.158703 2.284531 41.658516 1.624482 0.997703
Car -1 -1 2.426118 1037.372893 129.760696 1389.265031 241.954965 1.666385 1.720766 4.396450 9.715045 1.001630 11.893981 3.111021 0.991915
Car -1 -1 1.417102 517.955407 179.505266 550.844942 204.678106 1.635886 1.625431 3.867376 -5.347545 2.174974 51.231972 1.313100 0.985895
Car -1 -1 2.185713 997.027097 142.442737 1231.425167 228.513467 1.618679 1.695625 4.272462 10.780475 1.014742 15.324883 2.798759 0.973641
Car -1 -1 1.738540 446.354725 187.708605 493.723570 226.054495 1.515814 1.481838 3.499831 -6.142772 2.194215 31.754086 1.547452 0.966984
Car -1 -1 -1.778165 682.807131 178.308439 747.484255 226.224103 1.526751 1.611250 3.612711 3.533173 1.738667 25.415151 -1.640032 0.954195
