Pedestrian -1 -1 -2.934989 732.494086 156.812222 826.508082 335.279833 1.605151 0.653419 0.782862 1.704229 1.389830 7.009645 -2.696490 0.998334
Pedestrian -1 -1 -0.314419 350.466805 170.245109 414.920002 279.177121 1.768821 0.578179 0.900110 -3.751952 1.599708 12.165148 -0.613581 0.997645
Pedestrian -1 -1 2.424731 1066.299675 147.903694 1175.810648 291.801779 1.734909 0.473553 1.056019 6.401122 1.322451 8.934485 3.046413 0.995239
Pedestrian -1 -1 1.188553 -20.533794 170.711593 76.740635 349.311131 1.730379 0.586237 0.708672 -6.140793 1.644557 7.635464 0.511228 0.992333
Pedestrian -1 -1 1.742730 829.002929 157.179233 912.617308 335.577958 1.632989 0.625686 0.862349 2.595570 1.392830 7.012765 2.097216 0.992261
Pedestrian -1 -1 1.075215 389.964360 174.299904 433.465321 265.248898 1.697005 0.586601 0.720203 -3.857065 1.575446 14.479101 0.814872 0.988410
Car -1 -1 1.765565 429.258204 167.325126 503.551786 225.946542 1.727233 1.756117 3.654175 -4.245418 1.296575 23.178817 1.584414 0.981067
Car -1 -1 1.527018 530.523862 168.719288 567.192200 201.892028 1.532224 1.748672 3.435896 -2.783008 0.897181 37.705488 1.453343 0.957715
Pedestrian -1 -1 0.802789 1000.561960 155.285591 1044.358803 250.055745 1.672143 0.546189 0.496336 8.253735 1.260876 14.152401 1.330767 0.837613
Pedestrian -1 -1 0.502522 1159.896263 153.007001 1233.904966 284.065181 1.744894 0.557744 0.633000 8.368125 1.359566 10.171974 1.190930 0.595861
