Pedestrian -1 -1 0.154220 1003.095484 141.836641 1107.076320 335.136983 1.718881 0.497822 0.767567 4.267284 1.379206 6.776015 0.716237 0.998829
Pedestrian -1 -1 -0.293957 656.741080 139.383423 728.926212 294.436186 1.841613 0.622570 0.794606 1.078177 1.364015 9.053044 -0.175419 0.998780
Pedestrian -1 -1 2.673938 797.892454 142.689267 882.390419 320.340759 1.701629 0.533448 0.651860 2.344240 1.328951 7.241749 2.987005 0.998774
Pedestrian -1 -1 0.532597 709.667234 132.469482 802.016079 327.664971 1.803884 0.650211 0.687479 1.451979 1.360670 7.076321 0.734976 0.998334
Pedestrian -1 -1 1.528734 498.650369 145.244841 570.497442 319.327767 1.783927 0.709505 0.791499 -0.828327 1.408907 7.525319 1.419103 0.998161
Pedestrian -1 -1 1.324049 552.765413 145.696001 616.019436 302.049989 1.717753 0.567846 0.647263 -0.291455 1.326252 8.049193 1.287855 0.996939
Pedestrian -1 -1 0.475008 920.373274 135.386642 1017.859366 341.971993 1.728392 0.520860 0.675012 3.289873 1.368736 6.538598 0.941170 0.995242
Pedestrian -1 -1 -1.005979 1112.390204 125.652719 1354.844620 518.281075 1.713121 0.556055 0.897502 2.803473 1.402862 3.307091 -0.302812 0.981806
Pedestrian -1 -1 -1.212548 588.610987 136.980310 648.680833 285.661329 1.875226 0.624266 0.678422 0.137187 1.327478 9.537588 -1.198165 0.977745
Pedestrian -1 -1 1.958538 629.870426 142.877840 695.280934 298.557586 1.844046 0.628235 0.730005 0.699433 1.395780 9.148271 2.034845 0.946186
Pedestrian -1 -1 -1.928702 485.680620 142.180222 539.118826 260.643640 1.820044 0.686303 0.735797 -1.648862 1.270526 12.151604 -2.063569 0.883123
Pedestrian -1 -1 2.439139 961.123848 132.816202 1066.594749 353.542344 1.737952 0.461959 0.596554 3.389488 1.334362 5.968298 2.955632 0.785351
Pedestrian -1 -1 0.859274 886.113948 159.637507 929.686307 250.490196 1.682176 0.493258 0.651477 5.993868 1.283024 14.100875 1.261204 0.783192
Pedestrian -1 -1 2.280157 489.571152 141.184082 523.527749 209.896141 1.866649 0.621212 0.749501 -2.877637 0.756521 20.511588 2.140774 0.754123
Pedestrian -1 -1 -0.093594 250.167253 144.760378 301.293508 239.945409 1.750229 0.602419 0.891051 -6.997996 1.062454 14.894062 -0.532833 0.647071
