Pedestrian -1 -1 2.036709 627.804749 137.434972 679.164511 246.543664 1.752435 0.620325 0.765857 0.813594 1.051079 12.399951 2.102228 0.999009
Pedestrian -1 -1 0.591320 970.609304 125.957446 1169.476029 455.588659 1.762822 0.612272 0.756821 2.662766 1.456261 4.163832 1.160278 0.998223
Pedestrian -1 -1 0.565200 914.674749 144.635120 1048.059960 401.937018 1.702035 0.538006 0.675829 2.684373 1.471615 5.163905 1.044588 0.997131
Pedestrian -1 -1 -2.787325 561.620595 143.360765 603.837361 235.951707 1.752324 0.602767 0.686260 -0.487652 1.011311 13.937597 -2.822299 0.995460
Pedestrian -1 -1 0.198847 588.131994 139.402384 639.780891 253.055487 1.770316 0.648365 0.786094 0.106041 1.110077 12.028665 0.207662 0.995196
Pedestrian -1 -1 3.049178 479.329499 141.395795 523.534880 228.126122 1.814607 0.609528 0.892177 -2.296158 0.997074 15.347062 2.900665 0.992946
Pedestrian -1 -1 -0.120002 517.738053 140.809940 561.658503 227.665287 1.778980 0.600523 0.852431 -1.433452 0.957716 14.969930 -0.215466 0.990860
Pedestrian -1 -1 2.124358 435.313708 142.590659 478.276240 222.544855 1.795637 0.631411 0.824589 -3.476069 0.951562 16.457326 1.916200 0.963977
Pedestrian -1 -1 -2.874670 537.929349 140.556350 579.168979 228.357064 1.739582 0.604295 0.740588 -1.007509 0.943427 14.649464 -2.943337 0.948695
Pedestrian -1 -1 -0.981081 1039.689618 107.464712 1267.266520 507.137017 1.797194 0.537599 0.782262 2.512528 1.427064 3.349261 -0.337469 0.941532
Pedestrian -1 -1 0.375112 689.162238 145.541789 716.963293 209.635140 1.569539 0.463526 0.590817 2.590902 0.699978 18.861663 0.511621 0.861929
Cyclist -1 -1 3.120980 408.548702 142.841479 443.330921 192.012182 1.796496 0.569406 1.188027 -6.714815 0.427274 26.237963 2.870437 0.832644
Cyclist -1 -1 -0.472831 364.231339 147.521604 402.583063 195.090663 1.745904 0.581309 1.176785 -8.617880 0.507762 27.329873 -0.778290 0.811453
Pedestrian -1 -1 2.280998 264.587763 141.831114 319.253125 243.473085 1.798265 0.518319 1.000242 -6.184139 1.128212 13.819904 1.860241 0.674676
Pedestrian -1 -1 -0.767349 315.192251 151.411758 340.698753 195.442969 1.697929 0.617116 0.650697 -11.285572 0.518756 28.771157 -1.141159 0.611076
Pedestrian -1 -1 2.097911 465.842134 143.540684 501.152017 222.044004 1.791962 0.567925 0.734618 -3.035407 0.931847 17.502699 1.926194 0.602687
