Pedestrian -1 -1 0.487103 619.373659 142.126888 673.263703 255.959305 1.725134 0.626258 0.687999 0.658984 1.126562 11.909955 0.542377 0.999151
Pedestrian -1 -1 2.094047 563.391838 142.271985 621.049418 258.467709 1.771847 0.639300 0.797249 -0.242924 1.173543 11.770897 2.073413 0.998939
Pedestrian -1 -1 1.113000 532.366177 139.760394 592.414110 261.253190 1.786569 0.644091 0.829600 -0.732122 1.176581 11.210625 1.047787 0.998461
Pedestrian -1 -1 0.601177 814.773352 150.427335 959.663417 418.546893 1.636791 0.478527 0.727148 1.927423 1.482969 4.993037 0.969576 0.998107
Pedestrian -1 -1 0.172368 884.729155 124.678521 1015.139506 413.925631 1.670196 0.531801 0.609822 2.106794 1.303218 4.374543 0.621190 0.997105
Pedestrian -1 -1 3.018996 474.882429 143.700048 508.836798 212.268015 1.814242 0.643473 0.782426 -3.023782 0.837973 18.540726 2.857331 0.967562
Pedestrian -1 -1 1.998192 507.615414 141.428239 542.975296 215.270535 1.831740 0.657596 0.802246 -2.086135 0.863046 18.102911 1.883460 0.962689
Pedestrian -1 -1 0.428319 599.087632 140.812865 645.556474 235.136120 1.712237 0.641688 0.748066 0.303018 0.985231 14.192658 0.449666 0.937023
Pedestrian -1 -1 -0.925555 924.592743 162.246564 1011.544011 334.159620 1.590786 0.470695 0.604364 3.582181 1.441423 7.045381 -0.455175 0.873937
Pedestrian -1 -1 2.798236 517.659166 140.354409 565.246472 238.611764 1.872532 0.642620 0.877823 -1.404692 1.079863 14.785525 2.703516 0.701115
Pedestrian -1 -1 2.982185 394.161127 146.839523 430.571235 204.438072 1.745408 0.619579 1.002910 -6.106111 0.689319 22.244772 2.714287 0.692093
Pedestrian -1 -1 3.088055 441.169352 146.351479 475.518787 207.715999 1.784179 0.588852 0.962419 -4.490859 0.759667 21.405317 2.881254 0.650562
Cyclist -1 -1 0.707060 412.667791 145.204005 455.759894 203.343979 1.723216 0.588742 1.109482 -5.353812 0.681449 21.876118 0.467045 0.614507
