Car -1 -1 1.821891 466.465635 168.916537 548.846267 225.733683 1.650054 1.750822 3.905816 -2.986280 1.277906 23.467294 1.695318 0.999653
Pedestrian -1 -1 0.197556 626.452410 166.102496 676.288075 255.648891 1.772800 0.597541 0.943891 1.006264 1.463800 14.967500 0.264685 0.996246
Pedestrian -1 -1 -0.228651 171.987230 166.551237 290.879336 365.460977 1.677324 0.729790 0.841880 -3.473512 1.569529 6.657085 -0.709568 0.996037
Pedestrian -1 -1 0.929262 1099.984409 143.694429 1190.702591 264.343203 1.762148 0.546394 1.079975 8.332130 1.216536 11.069707 1.574486 0.994877
Pedestrian -1 -1 -0.053139 753.999844 153.817031 860.017607 383.614933 1.723990 0.822676 0.814389 1.594325 1.504556 5.828638 0.213863 0.989695
Pedestrian -1 -1 -0.069463 835.545047 146.643766 957.611805 387.327180 1.745816 0.714998 0.941378 2.180293 1.443015 5.494728 0.308280 0.986535
Pedestrian -1 -1 0.116785 718.092468 169.158017 759.978858 246.611972 1.715410 0.582251 0.922103 3.174770 1.459225 16.791225 0.303652 0.976079
Car -1 -1 1.233871 554.859160 156.890069 599.620482 193.160871 1.542321 1.513276 2.318263 -1.128847 0.411143 33.972197 1.200655 0.737723
Pedestrian -1 -1 0.780037 685.968594 178.107223 706.776464 219.547693 1.700069 0.565784 0.575997 4.169386 1.593873 31.650113 0.911016 0.527574
Pedestrian -1 -1 0.178307 901.177787 165.066464 935.432314 237.104088 1.670202 0.574889 0.682411 8.026159 1.333337 18.234386 0.592953 0.517886
