Pedestrian -1 -1 -1.723964 676.322320 160.436991 748.535635 324.199651 1.690932 0.648211 0.736332 1.152049 1.472601 7.766733 -1.576706 0.998684
Pedestrian -1 -1 -0.115202 941.197731 150.431060 1088.291751 426.186967 1.672282 0.527306 0.743915 2.623737 1.466293 4.687523 0.395079 0.998642
Pedestrian -1 -1 -2.889798 860.236962 156.982807 950.504899 316.888096 1.796062 0.639826 0.866295 3.619642 1.522323 8.651253 -2.493535 0.998522
Car -1 -1 1.806763 530.163066 176.362203 600.853708 229.611705 1.556132 1.484902 3.885644 -1.140998 1.422111 24.120410 1.759494 0.998433
Pedestrian -1 -1 -0.360920 781.631548 157.053547 888.430973 363.749133 1.672516 0.697042 0.646252 1.919619 1.471448 6.113140 -0.056656 0.996210
Pedestrian -1 -1 0.377076 992.331709 133.390015 1239.707792 570.882471 1.701752 0.574104 0.852253 2.479086 1.572136 3.579015 0.982868 0.996018
Pedestrian -1 -1 0.981849 741.215647 168.166797 802.810015 282.905611 1.767706 0.614893 0.871044 2.714692 1.561342 11.598551 1.211765 0.993359
Pedestrian -1 -1 -0.345411 658.480289 166.382441 714.014932 290.846274 1.647715 0.602405 0.683131 1.203614 1.494261 10.741884 -0.233827 0.978935
Pedestrian -1 -1 -1.939167 485.280167 156.836052 543.933041 274.927463 1.785147 0.609135 1.085887 -1.448256 1.407178 11.607940 -2.063290 0.905839
Pedestrian -1 -1 -0.628130 1030.612716 134.756160 1183.164796 411.251099 1.775937 0.534816 0.681485 3.483862 1.522727 5.029019 -0.022285 0.748614
Cyclist -1 -1 1.863221 271.459493 188.908639 383.670929 329.778115 1.483743 0.694826 1.934290 -3.310279 1.599196 8.671002 1.498533 0.536811
