Car -1 -1 -1.852271 730.829232 178.432484 890.398441 276.353237 1.447294 1.660313 3.853919 3.313800 1.560526 12.895894 -1.600747 0.999947
Car -1 -1 2.023854 61.826447 201.128225 324.627832 329.413015 1.396933 1.688439 4.320355 -6.030778 1.911796 11.050650 1.524288 0.999890
Car -1 -1 1.879302 314.593501 191.821792 438.909086 260.924579 1.450531 1.745963 4.246044 -5.825897 1.975282 18.367161 1.572149 0.999870
Car -1 -1 1.817753 400.249728 186.016845 476.349373 236.768712 1.506344 1.583904 4.086306 -5.792159 1.995176 24.629747 1.586781 0.999584
Car -1 -1 -1.747986 701.677885 176.336490 793.155155 245.013863 1.573201 1.682870 4.135270 3.396259 1.682566 19.008429 -1.571180 0.999519
Car -1 -1 1.424021 465.277786 185.265689 515.386245 219.031864 1.436391 1.613104 4.022342 -5.716200 2.071536 34.607167 1.260325 0.998742
Car -1 -1 1.401651 510.842509 178.467269 547.087845 204.473610 1.586786 1.608814 3.739374 -5.397585 2.014440 48.474183 1.290758 0.998250
Car -1 -1 -1.483899 673.524376 177.273741 724.727123 221.639446 1.542754 1.510453 3.568386 3.341158 1.738007 27.718057 -1.363937 0.997930
Car -1 -1 -3.015679 1021.622282 139.409238 1325.663891 246.105996 1.620444 1.662518 4.103898 9.824285 1.067454 12.775499 -2.360132 0.997332
Car -1 -1 2.133646 844.252941 139.285906 984.858622 218.037766 1.794525 1.614238 4.080193 7.651981 0.956337 18.416506 2.527439 0.993473
Car -1 -1 -1.684129 650.313061 177.066828 691.263175 211.017280 1.618192 1.646111 3.663106 3.043212 1.844724 36.776135 -1.601567 0.967195
Car -1 -1 1.145457 1005.811245 153.673044 1127.237513 209.812648 1.591126 1.654040 3.642781 14.634161 1.027885 23.183826 1.708518 0.764886
