Car -1 -1 1.936458 316.593370 191.592285 427.052881 261.776168 1.610248 1.615202 3.940256 -6.461587 2.193076 19.943410 1.623134 0.999925
Car -1 -1 2.068950 -152.691381 202.350302 257.910445 414.655844 1.511680 1.627624 3.947835 -5.449624 1.895201 7.696979 1.452861 0.999922
Car -1 -1 1.916195 205.252121 200.140372 366.137396 294.890328 1.416426 1.595760 3.946277 -6.127452 2.019438 13.999837 1.503633 0.999873
Car -1 -1 1.837597 389.847239 188.188663 466.500259 237.751935 1.499796 1.603894 3.959974 -6.244310 2.074428 25.127922 1.594029 0.999749
Car -1 -1 1.842195 447.349618 186.722762 507.499472 222.817028 1.435841 1.639250 4.108719 -6.030695 2.118994 32.971369 1.661287 0.999729
Car -1 -1 -2.801205 834.851017 150.091903 1010.425109 212.833877 1.652038 1.615001 4.262638 9.109690 1.008971 21.160484 -2.394681 0.998339
Car -1 -1 1.212704 1145.695377 137.060138 1239.681012 179.116959 1.563463 1.565217 3.587816 23.650129 0.148018 29.293870 1.891905 0.995680
Car -1 -1 -0.926265 1193.730600 135.606143 1328.237219 180.011747 1.479074 1.611606 4.230609 24.800863 0.108951 27.585098 -0.193965 0.992838
Car -1 -1 -1.034908 661.986484 173.549941 750.023959 219.061051 1.471404 1.552657 4.237126 3.463922 1.548676 26.849725 -0.906606 0.983196
Car -1 -1 2.461141 779.718721 156.743742 910.069361 203.443909 1.572723 1.625108 4.439074 8.373789 1.004626 25.900678 2.773838 0.902439
Car -1 -1 1.153078 503.280005 181.230514 543.413388 207.063075 1.548955 1.569112 3.572885 -5.664103 2.130900 47.701014 1.034890 0.746207
