Car -1 -1 1.684704 537.601454 175.925815 575.201180 206.616050 1.477985 1.611131 3.741838 -2.331857 1.217178 38.148081 1.623653 0.999563
Pedestrian -1 -1 0.112164 438.888021 172.109107 466.125332 235.601174 1.658285 0.542183 0.669073 -4.076953 1.399641 19.522301 -0.093713 0.985974
Pedestrian -1 -1 0.871952 -54.247577 155.420189 210.323557 548.467136 1.678409 0.700610 0.759701 -2.647477 1.588493 3.688005 0.249338 0.985872
Pedestrian -1 -1 1.362620 664.814524 171.429054 701.402725 259.095530 1.679610 0.611920 0.762962 1.644778 1.500791 14.913766 1.472462 0.976348
Pedestrian -1 -1 0.035952 625.067873 161.555652 661.846356 260.130440 1.787361 0.697320 0.878359 0.758171 1.421220 13.702375 0.091227 0.969440
Pedestrian -1 -1 1.177000 689.017667 173.393287 721.537803 245.887902 1.708191 0.564036 0.702145 2.490699 1.506824 17.537391 1.318079 0.958030
Cyclist -1 -1 2.330478 869.932900 207.363803 1027.542775 361.241816 1.651343 0.492447 1.759127 4.040567 1.919043 8.343718 2.781458 0.957870
Pedestrian -1 -1 0.024360 602.195469 163.949371 630.145385 233.192678 1.761799 0.644607 0.816885 0.378156 1.344095 19.597004 0.043654 0.947447
Cyclist -1 -1 0.673535 895.605875 188.734912 1116.234166 414.454543 1.640345 0.619668 1.794915 3.468812 1.757823 6.329301 1.174885 0.915628
Pedestrian -1 -1 -0.299454 64.425077 173.690198 300.983926 538.780612 1.614563 0.501831 0.929124 -2.295936 1.609451 3.835916 -0.838796 0.850183
Pedestrian -1 -1 -1.928775 703.697529 171.344844 732.641253 239.624768 1.789012 0.566576 0.716921 3.143883 1.521969 19.553263 -1.769354 0.838317
Pedestrian -1 -1 0.941599 739.854738 164.979373 768.268264 224.463499 1.819178 0.614309 0.663539 4.917823 1.329771 23.317748 1.149458 0.571828
Pedestrian -1 -1 1.238365 -51.353988 216.203448 44.693105 369.941815 1.655930 0.686989 0.548127 -7.128875 2.080880 8.395359 0.534368 0.543882
Pedestrian -1 -1 2.657144 163.583789 186.934768 365.270458 452.700325 1.552562 0.515246 1.232566 -2.434679 1.644888 5.151567 2.215648 0.531677
