Car -1 -1 1.722112 526.704932 173.519740 589.523197 223.987981 1.696216 1.739116 4.050091 -1.595389 1.425548 26.950063 1.662983 0.999305
Pedestrian -1 -1 1.278114 184.835254 176.933923 295.516082 377.936553 1.600048 0.654148 0.883690 -3.214630 1.559893 6.299095 0.806235 0.995334
Pedestrian -1 -1 -1.837483 1027.084800 162.778615 1124.332730 333.584462 1.661173 0.601800 0.847434 4.867726 1.465677 7.456961 -1.259159 0.993240
Pedestrian -1 -1 -3.125033 1163.393133 157.593916 1215.543114 239.786787 1.756741 0.539079 0.905143 13.192441 1.234094 16.167877 -2.440632 0.989914
Pedestrian -1 -1 1.531733 804.818719 151.202989 941.798796 430.840034 1.671919 0.766257 0.974459 1.686674 1.458912 4.687789 1.877113 0.979991
Pedestrian -1 -1 1.503887 747.616832 143.350650 859.746347 437.898167 1.661534 0.723415 0.964126 1.029307 1.379212 4.119198 1.748753 0.978630
Car -1 -1 1.737216 599.940914 176.130959 635.274483 203.515008 1.524600 1.576398 3.263770 0.978825 1.222352 43.735963 1.759593 0.947565
Pedestrian -1 -1 0.751984 901.865668 167.895870 931.938589 231.797680 1.765867 0.521144 0.543741 9.037916 1.415725 20.650718 1.164525 0.859222
Cyclist -1 -1 -1.338709 486.583008 179.816486 512.504069 228.019638 1.638449 0.576652 1.489431 -3.723057 1.608190 26.056976 -1.480629 0.822198
Pedestrian -1 -1 2.601313 1141.156215 160.966126 1164.266035 211.687810 1.791508 0.526065 0.435251 19.716227 1.055551 25.736133 -3.028152 0.800845
Cyclist -1 -1 2.098807 357.039218 171.373973 428.654218 258.596362 1.613722 0.464215 1.691309 -3.882380 1.394741 13.313967 1.815072 0.535018
Pedestrian -1 -1 3.117993 1146.327675 159.768667 1185.413990 229.488869 1.819931 0.520019 0.782821 15.619813 1.250162 19.986853 -2.501831 0.513035
