Car -1 -1 -1.886577 771.622126 175.854674 1010.285627 341.188920 1.642984 1.633518 3.708760 3.193356 1.698238 9.115669 -1.549621 0.999930
Car -1 -1 -1.741201 683.161268 183.365615 751.457643 235.380129 1.420669 1.552726 3.403957 3.204852 1.788693 22.568544 -1.600139 0.999578
Car -1 -1 -2.759508 131.355370 185.396655 372.110555 272.861357 1.449660 1.605116 3.715407 -6.626636 1.708052 13.546803 3.068734 0.999571
Car -1 -1 -2.972048 435.271980 177.409703 529.517497 214.669514 1.495611 1.706290 3.832606 -5.541271 1.726216 31.297638 3.135903 0.999466
Car -1 -1 2.873554 261.659299 181.091047 445.959847 252.687363 1.461376 1.722555 3.691835 -5.947592 1.680725 16.724403 2.531878 0.996884
Car -1 -1 -2.684663 -311.104481 189.549407 234.238521 343.293158 1.467229 1.691243 4.069449 -6.909182 1.702498 8.076635 2.890871 0.996395
Car -1 -1 1.476700 634.765499 163.478733 676.048326 201.296748 1.732083 1.664978 3.598969 2.108023 1.294852 35.015724 1.536830 0.983765
Car -1 -1 -2.153688 493.795555 174.707614 550.345549 202.483543 1.526682 1.659192 3.702941 -5.216235 1.668125 42.691710 -2.275269 0.979281
Car -1 -1 -2.873252 400.026860 181.391547 503.248593 226.795191 1.507777 1.644622 3.186779 -5.433274 1.812990 24.642812 -3.090261 0.910128
Car -1 -1 -0.910775 732.084311 182.642016 804.336327 219.049898 1.436289 1.616403 3.504854 7.208677 1.932316 33.334350 -0.697801 0.899262
