Car -1 -1 0.226645 703.105704 185.066019 793.592680 223.070499 1.490431 1.631764 3.564795 5.878578 2.046168 30.946761 0.414366 0.999650
Car -1 -1 -2.603190 150.882694 186.491126 397.334254 269.014164 1.494293 1.638516 3.994982 -6.735347 1.799072 14.373476 -3.041400 0.999322
Car -1 -1 0.387463 783.972472 190.262950 954.648105 248.214252 1.465171 1.753687 4.143488 7.352068 2.019024 20.891779 0.725840 0.998963
Car -1 -1 -0.572282 862.310589 189.826868 1197.845661 297.192613 1.493331 1.632946 4.235474 6.342139 1.776585 11.199194 -0.057008 0.998524
Car -1 -1 -2.349067 284.110046 185.173024 456.786109 256.732135 1.444115 1.729294 3.721016 -5.659527 1.778474 16.896252 -2.672279 0.996768
Car -1 -1 -3.119911 369.768118 180.268710 503.201684 236.365258 1.479537 1.786467 3.546432 -4.923809 1.710305 20.503975 2.927598 0.996384
Car -1 -1 -1.516366 640.780052 183.643259 671.008802 209.272540 1.381678 1.546446 3.888273 2.701227 2.074708 43.243115 -1.453981 0.988992
Car -1 -1 -0.837375 461.234174 180.226416 545.354540 214.079102 1.480510 1.716892 3.982404 -4.995725 1.840532 33.724854 -0.984438 0.982970
Car -1 -1 -2.081602 -331.701382 180.086572 212.999951 436.321155 1.604013 1.620285 3.742557 -5.208844 1.655783 5.692348 -2.822676 0.946321
Car -1 -1 -0.788321 1057.196293 181.872522 1684.429222 398.921415 1.637593 1.628722 3.785867 6.313697 1.737769 6.353040 -0.006029 0.908856
