Car -1 -1 -1.879017 736.716227 165.209899 1006.279521 348.237267 1.613450 1.670170 4.003688 2.676756 1.542837 8.506634 -1.574159 0.999979
Car -1 -1 -1.648712 652.601652 174.218656 693.727130 208.243560 1.386028 1.588007 3.223732 2.713573 1.485400 32.118192 -1.564425 0.999722
Car -1 -1 -1.767244 694.506606 178.964638 810.667567 264.052010 1.543831 1.598307 3.785554 2.773059 1.688982 14.993338 -1.584358 0.999130
Car -1 -1 -2.111622 189.237022 165.193511 369.931761 260.908113 1.575174 1.683490 3.628708 -5.875336 1.423844 13.015803 -2.535640 0.998515
Car -1 -1 1.925529 381.587860 170.834129 474.362242 218.387953 1.442641 1.585298 3.624513 -5.858910 1.384206 23.174400 1.677900 0.997700
Car -1 -1 -0.862643 449.463999 166.405302 523.657317 200.864566 1.550793 1.631794 3.522772 -5.807233 1.258886 33.675116 -1.033413 0.997413
Car -1 -1 -1.747767 681.029983 177.678567 759.595209 239.445396 1.492241 1.594333 3.441664 2.824593 1.646259 19.676631 -1.605190 0.996081
Car -1 -1 0.877996 -407.927285 190.707324 232.987398 427.747231 1.423387 1.628913 3.847529 -5.057216 1.578271 5.528052 0.137048 0.973833
Car -1 -1 1.824426 517.321260 168.431069 558.205411 196.613735 1.621764 1.717769 3.402133 -4.545925 1.405757 45.262074 1.724326 0.948013
Car -1 -1 -1.712965 635.572166 168.716057 666.053622 196.279314 1.568493 1.461294 3.000499 2.308834 1.358186 42.702362 -1.658949 0.892409
Car -1 -1 0.552046 -141.408220 190.737710 309.521417 332.184620 1.437035 1.563374 4.242616 -6.323595 1.715831 8.912850 -0.065022 0.506830
