Car -1 -1 -2.092262 491.792386 165.234120 755.641450 320.721690 1.661037 1.734245 4.035311 -0.083078 1.575385 9.769176 -2.100766 0.999967
Car -1 -1 -1.893458 341.778584 192.411164 471.292686 267.727284 1.418273 1.582965 3.755493 -4.709506 1.888126 16.051611 -2.178847 0.999842
Car -1 -1 2.087471 817.984980 175.734351 927.355332 238.657729 1.449966 1.581341 3.801684 6.935169 1.572083 19.664610 2.426524 0.999778
Car -1 -1 -2.698127 407.619646 177.922612 498.381366 214.750582 1.562078 1.635608 3.712120 -7.355408 1.848124 33.573413 -2.913803 0.999641
Car -1 -1 -1.801570 220.680255 189.922613 290.341223 232.027969 1.434791 1.606079 3.673554 -13.723643 2.114865 27.640722 -2.262414 0.999444
Car -1 -1 0.354600 894.992582 170.172882 1048.152972 220.723083 1.576960 1.600686 4.215310 12.238747 1.534569 24.715917 0.814381 0.994399
Car -1 -1 1.194729 -10.061431 192.113807 60.291051 225.498640 1.473826 1.638689 3.653074 -28.689098 2.470169 35.476527 0.514718 0.992001
Car -1 -1 -1.640847 173.356845 182.532813 205.597437 208.351953 1.545402 1.580160 3.467576 -27.934715 2.252637 47.874532 -2.169045 0.907331
Car -1 -1 1.217968 730.485772 176.788104 804.766798 225.179071 1.510055 1.527169 2.713496 5.174456 1.662891 24.071337 1.429709 0.819542
Car -1 -1 -2.024913 378.084995 181.869334 495.879659 242.495631 1.504790 1.849531 3.788005 -5.467316 1.880996 21.974130 -2.268769 0.524276
