Car -1 -1 -0.298210 848.727574 193.726106 1096.613330 280.280666 1.464935 1.595955 3.797945 6.817595 1.904450 14.005185 0.154814 0.999653
Car -1 -1 -2.457638 85.512016 185.450462 361.984183 292.601852 1.466538 1.571024 3.570191 -6.141384 1.693585 11.426924 -2.950794 0.999541
Car -1 -1 0.784816 248.149468 179.701351 434.304299 258.833891 1.533065 1.637469 3.981790 -5.840893 1.714264 15.761062 0.429917 0.999008
Car -1 -1 -0.417049 713.265919 183.489273 844.056355 230.132859 1.489124 1.645471 3.864780 5.698104 1.863981 24.655968 -0.189932 0.998884
Car -1 -1 -1.654611 639.341298 183.149927 674.291669 210.715976 1.361669 1.592595 3.976499 2.466647 1.974541 39.521483 -1.592279 0.997239
Car -1 -1 -2.443417 428.046331 177.824671 526.266273 212.799682 1.487722 1.751798 4.256071 -6.020204 1.720762 32.476543 -2.626708 0.988571
Car -1 -1 -2.270275 -168.581781 188.988825 264.120003 330.419358 1.431173 1.594097 4.121165 -6.707511 1.658178 8.535056 -2.936345 0.973202
Car -1 -1 0.000180 350.885355 177.735347 470.850811 225.589008 1.471325 1.672644 3.626021 -6.485268 1.623952 23.454045 -0.269589 0.918224
Car -1 -1 -1.002890 1062.408414 196.211675 1706.697061 451.731168 1.557821 1.610269 3.868247 5.945278 1.752618 5.693394 -0.195853 0.784629
Car -1 -1 2.158276 823.602496 186.095103 968.318704 261.752374 1.586525 1.630149 3.657732 7.158559 1.981413 18.094897 2.534994 0.696190
