Car -1 -1 1.802620 431.890454 187.405816 489.249701 226.908629 1.578084 1.595931 4.006465 -6.659514 2.256132 32.204607 1.598707 0.999736
Car -1 -1 1.786362 487.820488 180.366448 530.775271 211.527394 1.696836 1.735317 3.911939 -6.042145 2.164381 43.313328 1.647758 0.999052
Car -1 -1 -1.335594 649.343865 176.330741 703.966302 211.556744 1.465749 1.544688 3.596980 2.994752 1.663477 33.410998 -1.246199 0.998510
Car -1 -1 -2.221923 153.528844 198.667129 226.676865 231.406418 1.536474 1.619075 3.387307 -22.132674 2.933334 38.009850 -2.749217 0.998017
Car -1 -1 1.786348 455.952155 185.182944 505.099385 221.577611 1.690521 1.630947 4.089623 -6.792773 2.387356 37.790944 1.608501 0.997435
Car -1 -1 2.056782 116.269549 203.906591 176.807720 231.864814 1.464707 1.675850 3.205732 -26.925550 3.300726 41.971622 1.486392 0.992327
Car -1 -1 -1.933313 623.112103 172.726914 669.577854 197.468796 1.577222 1.644083 4.214750 2.482757 1.618955 49.339472 -1.883035 0.985675
Car -1 -1 2.290806 -383.125534 193.617564 190.322104 443.916239 1.538292 1.577411 3.559942 -5.690700 1.811023 6.570430 1.577034 0.964622
Car -1 -1 -0.852972 1037.746961 201.767142 1684.526333 501.066293 1.402752 1.575876 3.866394 5.046219 1.671482 5.357749 -0.097509 0.952937
Car -1 -1 2.050813 216.064290 198.061097 284.284859 231.351702 1.379915 1.519675 3.382085 -17.141443 2.629407 34.467278 1.589308 0.914219
Car -1 -1 -0.722204 72.591729 204.989927 134.610615 232.938259 1.598930 1.510246 2.668138 -31.589964 3.650883 45.193151 -1.332257 0.703743
