Car -1 -1 -0.917080 817.565745 193.371033 973.254407 274.512475 1.552531 1.669702 3.461580 6.186932 2.043108 16.007435 -0.548262 0.999806
Car -1 -1 0.710218 72.865963 195.650225 349.513581 300.550534 1.420079 1.571177 3.621831 -6.322543 1.824691 11.415982 0.204437 0.999719
Car -1 -1 -1.655417 634.862527 188.423800 674.126298 220.298833 1.438034 1.630871 4.004033 2.182756 2.251024 36.432843 -1.595576 0.999580
Car -1 -1 2.212158 405.784084 187.778275 510.319125 232.746579 1.392014 1.725906 3.809141 -5.249048 1.936109 24.808904 2.003653 0.998984
Car -1 -1 0.642437 -295.337013 175.925472 304.213055 410.407115 1.488295 1.534121 3.787478 -4.486813 1.522304 5.825714 -0.013851 0.991806
Car -1 -1 -2.385434 250.060914 184.207285 411.527331 258.459927 1.539449 1.680718 4.104164 -7.293170 1.959315 18.965081 -2.752558 0.953072
Car -1 -1 0.242595 861.330509 178.255501 1431.942681 420.856812 1.493040 1.604500 3.861315 4.064599 1.576978 6.212601 0.821953 0.951814
Car -1 -1 0.066615 729.069770 189.112096 836.699982 231.676947 1.501043 1.738837 3.911029 6.597308 2.149274 27.619447 0.301086 0.946339
Car -1 -1 2.198542 751.238673 193.577032 887.625675 250.988354 1.491717 1.809976 4.062956 5.971722 2.111033 20.713195 2.479235 0.945578
Car -1 -1 -2.078088 -108.949115 188.982194 221.488865 349.001304 1.481811 1.578664 3.809801 -6.545584 1.695908 8.543625 -2.731837 0.884644
Car -1 -1 -1.005835 876.184449 195.923869 1045.663300 283.124317 1.506315 1.607335 3.734780 6.922487 2.006904 14.558152 -0.561974 0.881002
