Car -1 -1 -2.136022 612.590970 156.295138 949.131579 347.548337 1.688999 1.763209 4.280157 1.607328 1.549357 8.482090 -1.948746 0.999893
Car -1 -1 -1.909775 456.550509 188.736679 587.010420 267.839486 1.414399 1.569928 3.701205 -2.088721 1.785391 15.403857 -2.044550 0.999879
Car -1 -1 -1.815987 342.234055 182.181917 411.570609 223.801515 1.415167 1.654928 3.876743 -9.038749 1.803015 27.570674 -2.132785 0.999862
Car -1 -1 1.103064 992.627703 163.944028 1153.509464 238.932153 1.475811 1.580805 3.459912 9.991390 1.295902 15.963064 1.662315 0.999508
Car -1 -1 -2.677433 521.185701 169.814535 619.048541 209.818779 1.581475 1.672254 3.542635 -1.784623 1.484276 31.416978 -2.734177 0.999173
Car -1 -1 1.690511 150.007046 186.516890 201.983572 219.335922 1.453329 1.749093 3.626120 -21.400326 2.167316 35.575352 1.148953 0.997648
Car -1 -1 -1.428071 -40.823420 205.038180 104.027325 302.942393 1.363575 1.575085 3.284620 -9.987079 1.973230 12.680335 -2.095208 0.953319
Car -1 -1 -1.648793 316.144936 177.072987 344.724109 201.589319 1.490125 1.561490 3.649395 -18.996656 1.829142 48.798728 -2.020029 0.936631
Car -1 -1 -1.340440 -163.620449 200.607788 83.823505 343.872150 1.381565 1.530398 3.460155 -8.278383 1.819711 9.406673 -2.062126 0.833182
Car -1 -1 -0.973071 852.662967 166.478116 981.321730 223.996844 1.537876 1.699907 3.233168 8.659875 1.359612 20.292521 -0.569717 0.724642
