Car -1 -1 -1.703479 704.833372 185.376070 815.238210 272.069827 1.503569 1.660996 3.968350 3.009797 1.811123 15.188193 -1.507847 0.999855
Car -1 -1 -2.282828 389.082267 179.550136 494.865191 226.166616 1.475905 1.647739 3.795339 -5.904047 1.751493 25.278272 -2.512276 0.999654
Car -1 -1 0.817896 310.367678 184.482615 456.369571 245.356796 1.427927 1.733826 3.532386 -6.060471 1.781007 19.102648 0.510682 0.999629
Car -1 -1 -2.267783 153.789925 181.886450 417.600759 291.314958 1.448352 1.597830 3.737506 -5.254090 1.611646 11.346965 -2.701428 0.999614
Car -1 -1 1.517567 635.281820 177.725668 665.314616 205.354061 1.593531 1.721577 4.148634 2.515435 1.972047 46.486830 1.571625 0.999182
Car -1 -1 0.633516 -1.851433 189.289097 353.032262 311.045101 1.493213 1.662504 4.196455 -6.232403 1.769690 10.470463 0.096606 0.998969
Car -1 -1 -0.421488 757.498789 178.754681 932.942249 242.267392 1.608150 1.712614 4.143804 6.356972 1.787635 19.818494 -0.111096 0.998303
Car -1 -1 0.853654 471.121885 180.410230 541.733356 211.127677 1.399641 1.602373 3.692043 -5.176061 1.792662 36.082715 0.711176 0.997390
Car -1 -1 -1.944005 -294.384534 194.543038 142.481489 389.224358 1.371184 1.608936 3.669509 -5.920669 1.515234 6.225646 -2.704300 0.994808
Car -1 -1 1.235818 698.808211 178.307212 757.060215 211.230509 1.487332 1.591114 4.389981 5.932139 1.818779 37.114003 1.394313 0.909968
