Car -1 -1 1.907327 283.123030 191.247388 414.597271 270.824815 1.517832 1.662808 3.887279 -5.968414 1.997067 16.806720 1.566097 0.999899
Car -1 -1 1.843658 371.347589 187.126937 462.358967 245.538635 1.525702 1.659299 4.133790 -5.807243 2.012339 22.087640 1.586559 0.999842
Car -1 -1 1.747023 458.235030 183.305909 508.229961 220.869991 1.505853 1.600341 3.831017 -5.786463 2.044466 33.028571 1.573588 0.999444
Car -1 -1 1.411206 489.974962 180.329125 537.159195 212.406170 1.489461 1.613491 4.127970 -5.022132 1.914590 37.700138 1.278773 0.999074
Car -1 -1 1.777497 427.507718 186.579101 487.692933 230.490963 1.502161 1.593993 3.737830 -6.018008 2.092788 28.647335 1.570436 0.998998
Car -1 -1 2.572257 779.197081 154.630133 907.015001 199.135338 1.618184 1.644052 4.608359 9.082777 0.922989 28.306172 2.882755 0.997466
Car -1 -1 1.130094 1037.707399 143.203943 1114.377759 176.542673 1.613874 1.545420 4.016350 24.115446 0.112157 37.325554 1.703711 0.995775
Car -1 -1 0.075450 1138.415510 131.728312 1270.407280 175.095119 1.493759 1.493930 3.526594 21.537070 0.027582 26.205831 0.763368 0.935921
Car -1 -1 1.201241 679.976066 177.309806 736.925859 210.319740 1.379214 1.519508 3.384444 4.572380 1.623814 34.034697 1.334786 0.794947
Car -1 -1 0.913718 -302.133108 240.135956 101.321532 408.681358 1.424708 1.540688 3.517933 -7.747870 2.283327 8.051610 0.147542 0.728987
