Car -1 -1 -1.680256 630.793341 179.318687 686.744801 224.440145 1.470362 1.574427 3.961837 1.651970 1.731253 26.332688 -1.617603 0.999766
Car -1 -1 -1.979715 817.578999 187.913706 1039.606172 290.212239 1.440935 1.688664 4.118967 5.526781 1.755533 12.855761 -1.573696 0.999435
Car -1 -1 -2.973699 898.397383 192.877468 1229.471586 326.137687 1.473513 1.600462 3.654721 6.185649 1.800579 9.950073 -2.417499 0.999059
Car -1 -1 -1.120855 1092.546758 182.043993 1537.345457 422.743691 1.488900 1.604507 3.618658 5.785950 1.617741 6.191416 -0.369296 0.998186
Car -1 -1 -1.656360 613.430519 175.568430 645.653766 203.964429 1.537612 1.557121 3.688707 1.071483 1.724932 42.196224 -1.630973 0.996408
Cyclist -1 -1 1.780582 449.518622 174.325587 490.731587 250.765494 1.734961 0.575032 1.730559 -3.396879 1.791261 17.239605 1.586035 0.993467
Car -1 -1 -2.144269 -311.789392 181.301551 189.474637 384.597123 1.571215 1.659627 4.135906 -6.403353 1.652015 6.996764 -2.885412 0.992262
Car -1 -1 0.876475 300.793798 179.992386 440.019434 231.101206 1.387296 1.603664 4.679487 -7.520998 1.645197 22.548600 0.554533 0.973990
Car -1 -1 1.071727 -3.522410 166.929652 279.243346 298.311749 1.605629 1.610568 4.201703 -6.807797 1.533446 10.317558 0.488475 0.931008
Car -1 -1 1.138600 487.790689 173.849550 529.063567 201.097067 1.630752 1.556270 3.737005 -6.710102 1.748372 48.122146 1.000055 0.614549
