Pedestrian -1 -1 1.316379 577.291498 162.159231 631.167303 279.573483 1.757750 0.686654 0.857221 -0.004514 1.501840 11.656295 1.315992 0.996967
Pedestrian -1 -1 1.129630 387.975297 164.371855 460.123814 304.786443 1.770524 0.584385 1.051599 -2.397145 1.563271 9.587153 0.884616 0.995018
Pedestrian -1 -1 -0.178918 552.318203 168.416290 577.987597 226.969625 1.718208 0.670972 0.718751 -1.191464 1.333780 22.840247 -0.231036 0.987082
Cyclist -1 -1 1.371748 466.584650 167.920549 524.888688 279.468859 1.777332 0.578887 1.758708 -1.854528 1.554333 12.434759 1.223698 0.983797
Pedestrian -1 -1 0.756815 271.779360 197.230568 308.162159 273.327277 1.637307 0.520449 0.533458 -7.184525 2.078394 16.473805 0.345565 0.974691
Cyclist -1 -1 1.104530 747.949895 139.341807 901.778560 352.300934 1.812506 0.670813 1.656528 1.947716 1.431704 6.692066 1.387754 0.960077
Pedestrian -1 -1 2.220289 292.439165 201.022484 332.070452 279.328923 1.598204 0.573359 0.602326 -6.209175 2.017087 15.388618 1.836776 0.918287
Pedestrian -1 -1 0.742633 341.391951 192.135258 378.659325 268.706750 1.651300 0.543476 0.576524 -5.618874 1.974031 16.602692 0.416302 0.882638
Pedestrian -1 -1 1.206795 562.041803 168.804313 591.633235 240.702121 1.775742 0.633018 0.769235 -0.751766 1.492871 19.766665 1.168781 0.809279
Pedestrian -1 -1 -1.402638 518.792499 166.273456 544.214243 224.412972 1.789915 0.718422 0.892598 -2.373704 1.321068 24.245322 -1.500231 0.770536
Pedestrian -1 -1 -2.112262 132.536467 158.979252 195.106686 288.019413 1.713332 0.469318 0.718443 -6.332479 1.413745 10.331697 -2.662126 0.583216
