Car -1 -1 1.453800 476.732420 171.446483 526.031614 210.988687 1.720154 1.686770 4.475228 -4.780492 1.247985 34.495599 1.316095 0.999495
Pedestrian -1 -1 -1.323812 192.892335 171.969588 269.651655 344.110389 1.683378 0.563465 0.722411 -3.833801 1.588769 7.361422 -1.803958 0.993105
Pedestrian -1 -1 -1.670589 599.433451 166.439925 679.102250 329.098354 1.634084 0.747784 0.987967 0.321567 1.457080 7.641820 -1.628534 0.992919
Pedestrian -1 -1 -1.565342 658.202700 164.070109 721.957278 318.104671 1.640987 0.673374 0.905029 0.952150 1.434954 8.134865 -1.448826 0.987470
Cyclist -1 -1 1.906273 326.025443 160.672838 430.638355 348.643751 1.791918 0.599674 1.726204 -2.362273 1.593078 7.769277 1.611102 0.979099
Cyclist -1 -1 1.254334 409.402681 165.452313 471.439783 269.758127 1.804100 0.608994 1.545558 -3.072722 1.537579 13.668937 1.033213 0.954463
Pedestrian -1 -1 0.781549 730.977390 165.371628 775.139533 256.712891 1.707527 0.548524 0.772393 3.125699 1.408580 14.914866 0.988128 0.953931
Pedestrian -1 -1 1.919338 705.216483 159.336194 756.908388 276.276926 1.856533 0.583368 0.991238 2.193234 1.526107 12.369493 2.094825 0.915501
Pedestrian -1 -1 0.257049 -181.770016 151.784896 121.093716 508.175465 1.623480 0.676880 1.108266 -3.417789 1.537510 3.956466 -0.455430 0.534276
Cyclist -1 -1 0.863764 752.499362 185.460006 869.227630 305.670225 1.596575 0.657204 1.794566 2.984926 1.703664 10.518269 1.140279 0.530732
