Car -1 -1 1.676425 548.284379 184.999050 595.451971 224.628363 1.484189 1.607264 4.086919 -1.190024 1.668347 30.526687 1.637462 0.999696
Pedestrian -1 -1 1.172563 325.970819 174.408504 392.274626 315.963897 1.636512 0.602886 0.543642 -3.015777 1.564982 8.796649 0.842288 0.999290
Pedestrian -1 -1 1.660769 749.049632 165.579706 819.948016 328.249672 1.724727 0.688014 0.905567 2.043320 1.569687 8.206569 1.904793 0.998719
Pedestrian -1 -1 3.077184 956.968615 168.530188 1045.146164 314.103627 1.734568 0.567744 0.908956 4.840906 1.566676 8.827165 -2.704379 0.997557
Pedestrian -1 -1 -0.091780 905.314942 165.209398 986.544821 312.943432 1.750298 0.635219 0.856519 4.302508 1.557464 9.100981 0.349832 0.996500
Pedestrian -1 -1 0.038357 709.652346 171.650528 766.753808 299.284054 1.723309 0.672836 0.828430 1.953800 1.594323 10.429906 0.223537 0.995910
Pedestrian -1 -1 1.291828 688.970241 175.075340 739.010419 288.406497 1.752060 0.644894 0.841602 1.752948 1.656452 11.705754 1.440474 0.987103
Pedestrian -1 -1 -1.096824 789.438316 176.190418 828.561377 262.417485 1.784636 0.585887 0.771482 4.649741 1.690788 16.255638 -0.818224 0.929168
Cyclist -1 -1 -1.773050 635.143368 173.897817 673.936019 255.479377 1.709767 0.588075 1.337481 1.114632 1.544505 15.846757 -1.702828 0.880341
Pedestrian -1 -1 2.367959 231.086281 182.018297 297.701307 298.475229 1.627280 0.437919 0.872083 -5.075992 1.663242 10.721575 1.925787 0.868766
