Pedestrian -1 -1 -0.011425 576.456488 155.541911 605.812654 237.885691 1.835405 0.690584 0.848222 -0.295321 1.257500 17.096034 -0.028697 0.995560
Pedestrian -1 -1 -0.051799 18.168695 154.678981 156.979679 422.036101 1.645357 0.486875 0.848043 -3.729911 1.530654 5.135138 -0.679992 0.994917
Pedestrian -1 -1 -0.018200 542.104987 156.939924 568.896463 228.820096 1.824012 0.615565 0.852671 -1.219340 1.192120 18.512893 -0.083970 0.991898
Pedestrian -1 -1 -0.064080 821.148665 152.339018 859.411532 252.928975 1.735617 0.467863 0.620928 4.269415 1.227798 12.998610 0.253270 0.987133
Cyclist -1 -1 1.083069 699.642423 146.755376 771.619957 248.618657 1.815897 0.564137 1.741598 2.453185 1.161478 13.515003 1.262630 0.971339
Pedestrian -1 -1 -0.445024 609.767511 158.960053 632.733093 212.290765 1.760650 0.613781 0.576151 0.644521 1.009706 24.761012 -0.419000 0.965912
Cyclist -1 -1 1.852550 332.891891 176.483880 434.056337 332.591569 1.596016 0.551360 1.739084 -2.385979 1.509906 7.823503 1.556535 0.961497
Pedestrian -1 -1 2.900163 598.829740 159.119215 624.575102 222.531113 1.753514 0.600513 0.660453 0.260865 1.130239 21.326878 2.912394 0.894756
Pedestrian -1 -1 0.474318 673.976671 157.154389 697.942760 203.798880 1.815671 0.715545 0.725814 3.342964 0.859389 28.658550 0.590442 0.879351
Pedestrian -1 -1 -0.147151 509.379539 163.234487 531.938440 223.920391 1.734076 0.578196 0.595534 -2.389041 1.210536 21.063639 -0.260088 0.678697
Pedestrian -1 -1 1.215767 662.699985 157.088996 686.358269 203.042414 1.839997 0.770038 0.699621 3.034277 0.831071 30.138408 1.316107 0.633907
Pedestrian -1 -1 0.544485 473.746456 163.000361 506.939095 237.179450 1.775041 0.609887 0.631161 -2.869752 1.359260 18.447978 0.390162 0.559692
