Pedestrian -1 -1 2.851651 411.934243 170.515619 446.916655 244.203753 1.734163 0.615565 0.662313 -4.145970 1.475131 17.154706 2.614517 0.996357
Pedestrian -1 -1 -0.755392 965.000798 161.179930 1068.096958 337.130436 1.640103 0.780954 0.591388 4.152952 1.482815 7.364307 -0.241917 0.995814
Car -1 -1 -1.963931 723.766863 157.525864 888.762214 295.181904 1.849925 1.478523 3.260366 2.948749 1.501236 11.397407 -1.710762 0.981413
Pedestrian -1 -1 1.437035 624.859702 171.381912 644.336217 217.006412 1.791214 0.677762 0.796880 1.309026 1.378728 28.832032 1.482405 0.963727
Pedestrian -1 -1 2.069765 384.081088 172.931782 422.195635 257.059631 1.737408 0.611585 0.609484 -4.379428 1.565875 15.788336 1.799184 0.949773
Pedestrian -1 -1 -0.341803 673.900196 177.193170 693.400666 223.273663 1.579732 0.696817 0.522419 2.986555 1.453889 26.384523 -0.229089 0.911609
Car -1 -1 0.129884 1171.021862 190.592452 1526.616550 362.927226 1.467822 1.398047 2.914839 8.299113 1.689427 8.318607 0.914109 0.820423
Pedestrian -1 -1 -0.022672 252.576003 146.252921 309.257691 257.939306 1.809503 0.579201 0.827218 -5.227789 1.246787 11.605981 -0.445891 0.666794
Pedestrian -1 -1 0.064151 205.737718 153.389955 295.435404 269.135659 1.719478 0.865247 1.251755 -5.727484 1.312797 11.735652 -0.389884 0.600078
Pedestrian -1 -1 1.220350 511.671832 180.157320 540.273018 234.306339 1.730821 0.589019 1.074930 -2.487205 1.661120 23.393569 1.114428 0.585631
