Pedestrian -1 -1 0.409160 696.004367 151.878196 760.469610 287.676924 1.798372 0.647242 0.711698 1.780735 1.399635 10.311940 0.580160 0.998858
Pedestrian -1 -1 -2.849188 727.398044 151.518210 791.871727 295.040917 1.748041 0.685348 0.654896 2.023708 1.401426 9.365872 -2.636387 0.997866
Pedestrian -1 -1 -0.113182 846.623718 145.429689 965.823242 392.353226 1.758968 0.695387 0.733572 2.288179 1.499617 5.545926 0.278128 0.997506
Car -1 -1 1.761151 531.876124 163.082179 591.750284 208.086588 1.497745 1.472930 3.825762 -1.451173 0.819285 26.642843 1.706737 0.995756
Pedestrian -1 -1 0.356320 769.378859 152.217462 830.548984 293.420501 1.752424 0.648423 0.624709 2.716078 1.433216 9.954967 0.622674 0.992097
Pedestrian -1 -1 -1.798865 807.895463 144.211627 891.185811 337.661384 1.852859 0.613700 0.708353 2.492271 1.495570 7.347089 -1.471827 0.988109
Cyclist -1 -1 -1.152657 555.667898 148.045781 625.378516 244.380416 1.728813 0.623250 1.816452 -0.224909 1.091470 13.642102 -1.169142 0.986621
Pedestrian -1 -1 -1.233458 -142.511863 127.661416 106.030783 530.364216 1.721007 0.741502 0.828070 -3.188543 1.513351 3.743470 -1.938974 0.980447
Pedestrian -1 -1 0.348980 662.788432 153.943370 685.020617 199.809705 1.673482 0.613423 0.726693 2.804369 0.656623 28.104740 0.448433 0.963941
Pedestrian -1 -1 -0.494527 252.483886 152.710830 296.043410 239.086420 1.608194 0.593017 0.573295 -6.646412 1.055658 14.489603 -0.924594 0.741801
Pedestrian -1 -1 -0.429761 684.001936 158.530227 705.566348 202.908202 1.660412 0.699843 0.619348 3.659770 0.780971 28.381263 -0.301518 0.560014
