Car -1 -1 1.767889 378.873075 158.758826 478.039584 233.094483 1.663662 1.762080 3.531979 -4.275339 1.108657 18.075525 1.535631 0.999921
Pedestrian -1 -1 2.037663 686.630079 159.068312 762.025239 300.519907 1.728150 0.714042 0.765372 1.525531 1.453803 9.229038 2.201479 0.998085
Pedestrian -1 -1 2.861758 1065.192833 140.047671 1207.030883 339.875336 1.824832 0.581541 0.975425 5.174336 1.460514 7.058576 -2.788859 0.997539
Car -1 -1 1.546650 511.673598 155.999589 567.914690 213.852009 1.593150 1.662454 3.776815 -1.976156 0.821593 22.337114 1.458410 0.997462
Pedestrian -1 -1 -0.125593 195.906065 164.771043 259.404464 288.651431 1.842409 0.702724 0.779952 -5.860621 1.603844 11.159732 -0.609164 0.997400
Pedestrian -1 -1 3.069782 260.517129 168.887520 340.432073 299.823641 1.749180 0.568629 0.983471 -4.209943 1.564273 9.941250 2.669197 0.995909
Pedestrian -1 -1 -0.230357 1133.302500 139.606533 1240.591596 316.038752 1.784202 0.622616 0.769977 6.155832 1.367660 7.640603 0.447834 0.989363
Pedestrian -1 -1 0.728599 987.937354 139.358023 1071.561260 271.382368 1.767077 0.438991 0.928067 5.917631 1.197342 10.051828 1.260678 0.985899
Pedestrian -1 -1 -0.053935 721.518381 153.480426 784.136960 289.555194 1.715453 0.678491 0.767697 1.968442 1.358380 9.681510 0.146651 0.983906
Pedestrian -1 -1 0.042106 760.273177 156.310070 822.456254 295.295542 1.722324 0.656942 0.844716 2.491310 1.406433 9.523414 0.297970 0.977649
Pedestrian -1 -1 -1.122276 227.214617 163.849804 295.931440 293.979844 1.808739 0.620594 0.820680 -4.896867 1.547834 10.248735 -1.568009 0.965576
Pedestrian -1 -1 0.027554 598.355148 166.459606 638.136539 239.151717 1.644810 0.582972 1.007003 0.359374 1.291672 17.068713 0.048606 0.962836
Pedestrian -1 -1 -0.272982 801.315278 151.491852 821.458602 192.976863 1.753145 0.535900 0.702255 8.958819 0.457540 30.750226 0.010513 0.604663
Pedestrian -1 -1 2.634171 699.286934 164.502433 739.727327 256.422781 1.704041 0.581215 0.546690 2.226665 1.409282 13.837498 2.793718 0.502978
