Pedestrian -1 -1 1.169828 275.862758 158.827929 380.596362 362.616223 1.806799 0.582419 1.035595 -2.615624 1.597415 6.756816 0.800484 0.998045
Pedestrian -1 -1 -1.814615 607.407954 162.860578 679.623593 305.333231 1.682497 0.638319 1.061243 0.475007 1.464935 9.025744 -1.762036 0.995489
Pedestrian -1 -1 1.323971 576.467226 171.094434 602.021803 227.576061 1.766095 0.639832 0.807736 -0.423579 1.399130 22.808358 1.305402 0.986588
Pedestrian -1 -1 0.333411 901.601393 122.321659 1039.625411 376.778148 1.857141 0.744720 0.842712 3.045052 1.454342 6.039096 0.800431 0.983083
Pedestrian -1 -1 -2.610954 473.772757 169.485854 501.178076 227.438094 1.758564 0.532762 0.666749 -3.589380 1.388938 22.480695 -2.769283 0.975006
Pedestrian -1 -1 1.486283 551.183499 168.665340 577.389995 229.973079 1.740304 0.717873 0.872009 -1.147703 1.369085 21.323157 1.432511 0.974594
Pedestrian -1 -1 1.281788 400.492923 170.847314 476.695429 324.060197 1.714772 0.642669 0.937329 -1.949302 1.590084 8.378742 1.053205 0.971297
Cyclist -1 -1 0.841583 851.196611 167.748598 1110.099693 470.913822 1.671347 0.573374 1.716015 2.462285 1.629027 5.032972 1.296578 0.943832
Pedestrian -1 -1 -1.466327 510.442839 167.562027 536.156334 224.577590 1.830979 0.751293 1.077595 -2.647465 1.395850 24.168046 -1.575436 0.819170
Pedestrian -1 -1 2.424133 219.816781 200.103828 266.149555 293.455461 1.607092 0.494485 0.527621 -6.689928 1.979227 13.360571 1.959908 0.806609
Pedestrian -1 -1 1.287751 599.482932 170.279325 624.381357 227.313932 1.794869 0.626976 0.784110 0.320574 1.409265 23.081450 1.301639 0.697214
Pedestrian -1 -1 2.376480 191.332329 199.706879 246.961720 313.307551 1.619660 0.515743 0.558647 -5.790194 1.897509 10.843512 1.886021 0.583838
Pedestrian -1 -1 2.401078 461.397350 174.356020 490.090943 232.325085 1.746789 0.543421 0.593358 -3.844984 1.477126 21.957301 2.227724 0.577023
Car -1 -1 0.930735 41.703448 159.839157 141.835236 206.680710 1.482916 1.323496 2.976792 -17.884717 0.783656 25.166206 0.312887 0.514474
