Cyclist -1 -1 -0.148163 -89.284178 187.787395 238.605575 502.991146 1.602742 0.511182 1.746605 -3.274241 1.641244 4.417991 -0.785953 0.993648
Pedestrian -1 -1 1.278976 558.323941 160.230692 604.050413 253.641164 1.805346 0.680012 1.043542 -0.475400 1.400005 14.779711 1.246821 0.987289
Pedestrian -1 -1 1.915357 482.203086 160.069235 523.160451 251.465366 1.844679 0.609274 0.904085 -2.120972 1.390554 15.289498 1.777516 0.964256
Cyclist -1 -1 1.196287 714.465600 148.374535 794.727223 274.975745 1.819177 0.552592 1.737316 2.377880 1.333274 11.351582 1.402777 0.947428
Pedestrian -1 -1 -1.743241 855.394383 157.389888 905.415280 282.273049 1.772537 0.573963 0.639118 3.973786 1.417068 10.370189 -1.377306 0.940199
Pedestrian -1 -1 2.492731 600.719058 165.741109 622.815042 215.893522 1.775592 0.596191 0.508044 0.333134 1.168813 26.062150 2.505512 0.905436
Pedestrian -1 -1 -0.874388 408.256986 178.321607 441.624794 250.030511 1.647732 0.539035 0.638287 -4.299494 1.600020 17.282627 -1.118214 0.870363
Pedestrian -1 -1 1.339628 524.974271 161.710154 556.808561 237.220493 1.787895 0.620456 0.934241 -1.568987 1.293996 17.920609 1.252298 0.848920
Pedestrian -1 -1 -1.122512 457.276613 175.809557 490.280319 248.396426 1.716675 0.538144 0.705511 -3.129907 1.584725 17.444429 -1.300045 0.837001
Pedestrian -1 -1 2.722196 581.670781 164.221973 614.789571 236.518239 1.747114 0.586412 0.717583 -0.146015 1.332427 19.040814 2.714528 0.683367
Pedestrian -1 -1 1.131231 14.534043 159.689188 163.373838 462.984759 1.760327 0.521092 0.782950 -3.157834 1.635094 4.410606 0.509871 0.661820
Pedestrian -1 -1 -1.114049 670.211419 162.829767 694.882667 208.169447 1.771970 0.700293 0.819909 3.255301 1.047968 28.959647 -1.002111 0.581111
