Pedestrian -1 -1 2.168766 677.581337 142.434408 741.486301 280.437202 1.756190 0.606674 0.624159 1.356927 1.277759 9.502661 2.310602 0.999112
Pedestrian -1 -1 -1.241857 640.436181 135.946792 704.998373 278.087887 1.784577 0.680133 0.724307 0.850966 1.235643 9.418224 -1.151749 0.999046
Pedestrian -1 -1 2.152848 852.850953 114.118734 1002.305490 398.354982 1.723310 0.598972 0.697657 2.148373 1.303729 4.789980 2.574465 0.998722
Pedestrian -1 -1 0.984195 769.960821 131.415775 911.610825 418.724357 1.796177 0.572348 0.819177 1.555731 1.491166 4.919363 1.290489 0.998359
Pedestrian -1 -1 1.259671 593.133598 139.475459 648.712326 263.516621 1.776153 0.634808 0.733020 0.177779 1.206773 10.698432 1.276287 0.998228
Pedestrian -1 -1 -0.016960 479.915864 140.094370 536.922661 274.548694 1.803604 0.667616 0.773195 -1.428526 1.260306 10.087183 -0.157642 0.997810
Pedestrian -1 -1 2.083417 533.976763 139.014967 592.368667 263.880779 1.797681 0.604913 0.835734 -0.703573 1.210896 11.145615 2.020375 0.994149
Pedestrian -1 -1 2.987667 455.549922 141.449151 499.911964 229.761660 1.772359 0.622754 0.844037 -2.730328 0.968155 14.940934 2.806920 0.992116
Pedestrian -1 -1 1.174554 573.809135 140.186260 622.907546 253.517528 1.787556 0.601471 0.731134 -0.171941 1.153999 11.943867 1.160159 0.991926
Pedestrian -1 -1 1.964901 509.392940 139.107368 566.518930 269.454374 1.773342 0.601505 0.781856 -1.027815 1.190792 10.308961 1.865529 0.973137
Cyclist -1 -1 -2.675601 359.112761 144.565539 404.314690 199.173055 1.714597 0.532330 1.289810 -7.271529 0.580208 22.954984 -2.982374 0.958234
Pedestrian -1 -1 1.299032 1033.640419 174.244004 1072.520444 258.093099 1.581076 0.483859 0.674485 8.848968 1.506671 14.040793 1.861385 0.838421
Pedestrian -1 -1 1.906719 769.526412 144.546154 820.462881 259.414291 1.646588 0.563595 0.563178 2.883131 1.141624 10.810647 2.167346 0.821078
Pedestrian -1 -1 1.058663 409.097183 142.492608 433.132787 187.112708 1.740634 0.525171 0.972979 -7.597366 0.219160 29.061501 0.802962 0.606910
Cyclist -1 -1 2.732356 335.105789 148.596571 380.993673 199.196588 1.679892 0.532847 1.271106 -8.795342 0.622889 25.020781 2.394326 0.594591
Pedestrian -1 -1 -0.001518 893.640099 137.641689 983.120296 322.996779 1.684982 0.546339 0.697204 2.876601 1.258375 6.221218 0.431587 0.542911
