Car -1 -1 1.692121 545.355895 171.363181 596.736139 213.104484 1.481259 1.591032 3.833239 -1.137365 1.112809 28.454367 1.652171 0.999700
Pedestrian -1 -1 0.934193 226.499002 159.920646 339.834292 349.735741 1.665546 0.634746 0.778333 -3.015498 1.479402 6.715006 0.512114 0.999306
Pedestrian -1 -1 -1.029425 1063.678340 149.996975 1205.515329 376.168998 1.700750 0.537691 0.907677 4.179722 1.461434 5.722034 -0.398547 0.998781
Pedestrian -1 -1 -0.053855 788.299489 162.163519 882.675259 347.054907 1.718504 0.669461 0.884245 2.192727 1.506408 6.902558 0.253732 0.998626
Pedestrian -1 -1 -1.286730 724.706929 163.261868 784.189099 294.173047 1.752479 0.661682 0.730788 2.154029 1.535045 10.309738 -1.080761 0.996649
Pedestrian -1 -1 -1.192888 693.102904 164.163872 747.569053 285.324338 1.778021 0.621242 0.821974 1.828670 1.534656 11.353106 -1.033188 0.995790
Pedestrian -1 -1 1.126573 87.924344 161.772813 204.459692 344.569358 1.617934 0.496902 1.000993 -4.157035 1.416051 6.468263 0.555360 0.978195
Cyclist -1 -1 -1.206468 615.278753 159.691577 667.568263 245.472479 1.720487 0.593359 1.530963 0.818065 1.268218 15.193142 -1.152675 0.860763
Pedestrian -1 -1 0.631669 1136.429663 126.066442 1424.404480 488.568603 1.842671 0.711856 0.915286 3.827062 1.548831 4.163723 1.374961 0.642366
Pedestrian -1 -1 0.411109 672.812531 164.589374 693.640950 213.628303 1.754708 0.561412 0.641657 3.101988 1.119372 27.491476 0.523469 0.576809
