Car -1 -1 -2.015185 828.525687 192.299282 1004.328137 277.805793 1.487840 1.621007 3.671077 6.009500 1.899106 14.527754 -1.622962 0.999840
Car -1 -1 0.673686 2.484564 197.349328 314.204248 314.089216 1.436275 1.630750 3.584716 -6.472086 1.829467 10.447897 0.119078 0.999470
Car -1 -1 -1.660214 633.749595 185.718631 675.390198 218.817432 1.411761 1.620707 4.172238 2.072687 2.077164 34.883409 -1.600866 0.999310
Car -1 -1 0.063631 729.643382 185.582058 831.808086 229.923261 1.515368 1.631568 3.908572 6.375342 2.035953 27.207734 0.293799 0.998682
Car -1 -1 -0.850453 401.166868 186.044426 506.289722 227.699757 1.403356 1.734532 3.893358 -5.782023 1.931149 26.725052 -1.063522 0.997837
Car -1 -1 -2.346399 252.055607 178.579527 418.677684 253.496766 1.581315 1.776808 3.767062 -6.424081 1.748378 17.059685 -2.706542 0.996168
Car -1 -1 1.081172 765.671298 190.045654 905.728082 248.650817 1.468164 1.757971 4.319120 6.191470 1.990808 20.269398 1.377629 0.980534
Car -1 -1 -0.900710 895.383996 192.242968 1094.290930 286.886755 1.525143 1.663712 3.572000 7.105724 1.926068 13.620376 -0.419855 0.974370
Car -1 -1 -1.172001 -105.511222 189.935140 192.837697 344.895294 1.559515 1.568344 3.220878 -6.935119 1.819456 9.033894 -1.826720 0.973743
Car -1 -1 -0.829508 937.888567 172.348647 1542.131212 423.441794 1.569610 1.587415 3.893461 4.659021 1.563418 5.726631 -0.146547 0.968480
Car -1 -1 -2.150836 -300.926231 180.406532 141.677265 393.098561 1.601979 1.585309 3.736177 -6.541198 1.752562 7.048640 -2.898912 0.870122
