Car -1 -1 -1.897038 724.299695 190.485659 904.059214 308.713149 1.453876 1.509486 3.413324 2.849333 1.743943 10.907018 -1.641511 0.999947
Car -1 -1 -1.491794 660.027506 182.552652 740.660987 243.489881 1.523682 1.631666 3.940018 2.429817 1.833051 20.678243 -1.374825 0.999804
Car -1 -1 -2.832288 360.539643 178.544329 502.192393 228.195311 1.439504 1.717314 3.947935 -5.522816 1.648601 22.372633 -3.074306 0.999524
Car -1 -1 -1.120740 223.181135 187.629256 393.434535 272.573708 1.437425 1.568813 3.382847 -6.051910 1.783552 14.440035 -1.517609 0.997327
Car -1 -1 -2.000856 -328.587909 185.161293 197.190150 424.264562 1.410522 1.598773 3.505261 -4.677658 1.445705 5.098313 -2.743251 0.994482
Car -1 -1 -2.174253 146.764512 196.252363 339.964288 289.424043 1.358966 1.585556 3.288177 -6.550980 1.831250 12.884033 -2.644643 0.991005
Car -1 -1 -2.246300 34.549482 202.809268 287.366210 302.518508 1.356568 1.629355 3.836131 -7.463027 1.908751 12.027106 -2.801669 0.969189
Car -1 -1 -1.130940 34.474814 195.095890 187.548391 256.389822 1.417516 1.676465 3.911467 -13.834492 2.083546 19.955767 -1.737127 0.941643
Car -1 -1 -1.014491 486.503809 178.428447 542.947086 206.730249 1.447859 1.592247 3.309855 -5.247289 1.795649 39.802275 -1.145569 0.940625
Car -1 -1 1.455698 632.248634 174.791330 660.257519 202.887350 1.637716 1.528412 3.406753 2.246540 1.828273 47.151942 1.503307 0.842080
