Pedestrian -1 -1 0.060482 703.944725 145.572919 794.183848 341.578078 1.767396 0.570838 0.827017 1.330411 1.454711 6.756706 0.254897 0.999416
Pedestrian -1 -1 0.878304 771.195374 134.223096 865.249727 322.955861 1.701548 0.563981 0.754985 2.042819 1.290899 6.934056 1.164806 0.999373
Pedestrian -1 -1 2.108202 579.449605 136.907229 623.405057 222.604622 1.779755 0.617258 0.872863 -0.123558 0.848870 15.323642 2.100139 0.995873
Pedestrian -1 -1 1.975360 502.665920 141.725821 542.783236 221.461186 1.810592 0.652939 0.862654 -1.956493 0.925033 16.523454 1.857501 0.995666
Pedestrian -1 -1 3.055450 543.906205 138.831376 590.262315 228.622780 1.771957 0.628095 0.888705 -0.815311 0.935401 14.335037 2.998636 0.995119
Pedestrian -1 -1 -3.022708 474.104336 141.525651 510.368214 218.594967 1.842481 0.653958 0.794217 -2.751363 0.908404 17.067689 3.100649 0.987180
Pedestrian -1 -1 2.028765 448.620745 144.861724 484.835040 214.525007 1.781436 0.642216 0.800055 -3.637284 0.856880 18.439425 1.834010 0.963188
Pedestrian -1 -1 0.273152 425.975173 145.062910 464.148964 213.021614 1.769771 0.682624 0.873865 -4.294898 0.840674 18.768157 0.048186 0.905056
Cyclist -1 -1 1.943643 675.063489 145.178703 703.375054 201.115001 1.598002 0.482046 1.136094 2.553433 0.556362 21.632816 2.061134 0.782251
Cyclist -1 -1 1.096448 265.986624 143.773762 319.309079 227.106581 1.787528 0.595916 1.247563 -7.188801 1.003375 16.137796 0.677373 0.607940
