Pedestrian -1 -1 -0.756356 653.170993 139.129225 715.786065 272.649769 1.653947 0.541951 0.580252 0.995387 1.135462 9.276224 -0.649459 0.999277
Pedestrian -1 -1 0.415144 583.103326 139.929756 647.937497 274.929633 1.796579 0.668824 0.709659 0.101384 1.248125 9.916717 0.425367 0.998911
Pedestrian -1 -1 0.682597 1072.183237 134.777658 1335.863794 536.372307 1.631541 0.710232 0.690830 2.874799 1.499866 3.550032 1.363282 0.994275
Pedestrian -1 -1 1.194290 545.914411 141.371138 578.173094 213.211409 1.811008 0.587860 0.794044 -1.157824 0.819839 18.396070 1.131434 0.987699
Pedestrian -1 -1 1.310831 518.718418 141.741072 552.060922 215.140406 1.809680 0.618253 0.779569 -1.757070 0.841976 17.515909 1.210853 0.983171
Pedestrian -1 -1 1.178611 485.466977 142.904098 516.286072 211.340842 1.794792 0.564632 0.712447 -2.713268 0.799788 18.186058 1.030508 0.982855
Pedestrian -1 -1 -1.147057 260.225358 134.666830 319.892971 255.377221 1.802438 0.478585 0.939771 -5.117654 1.156792 11.355384 -1.570477 0.866697
Pedestrian -1 -1 2.993176 464.299149 144.042807 497.772100 211.312402 1.774037 0.600413 0.767771 -3.302772 0.802791 18.673429 2.818116 0.825683
Pedestrian -1 -1 -1.186529 1023.361277 138.263139 1187.243254 475.197034 1.659920 0.476883 0.748221 2.665628 1.462641 3.828697 -0.578343 0.690278
Pedestrian -1 -1 2.212620 400.020233 144.476510 436.036786 207.311923 1.803260 0.635348 0.949388 -5.697636 0.739447 21.398604 1.952395 0.683467
Pedestrian -1 -1 0.660278 627.165081 139.717967 687.366991 269.274711 1.650420 0.534474 0.718464 0.742282 1.186046 10.741254 0.729274 0.662540
Pedestrian -1 -1 0.827964 316.956624 150.226362 341.864968 196.603994 1.701690 0.571008 0.519855 -10.756994 0.533851 27.541437 0.455609 0.614714
Pedestrian -1 -1 -1.980631 430.440869 147.286916 463.166063 210.584841 1.746912 0.594418 0.935509 -4.607482 0.813332 20.401040 -2.202750 0.607407
