Car -1 -1 -1.906665 813.592358 185.850290 1158.642521 384.282401 1.456742 1.600805 4.069226 3.476902 1.620157 7.523056 -1.473740 0.999971
Car -1 -1 -1.814662 750.087486 183.910789 907.955383 289.063788 1.469088 1.647406 4.005118 3.523243 1.681235 12.507664 -1.540089 0.999962
Car -1 -1 1.936558 231.724037 192.195133 415.769429 292.549923 1.430593 1.653453 4.241610 -4.986498 1.822023 13.084476 1.572450 0.999940
Car -1 -1 2.114424 -98.453711 193.280756 306.870514 407.407976 1.495853 1.579527 3.841737 -4.761867 1.770861 7.496392 1.548508 0.999891
Car -1 -1 1.740279 466.777657 179.455368 521.428178 222.284762 1.510278 1.579385 3.493618 -4.550467 1.809641 28.593293 1.582458 0.999647
Car -1 -1 -1.771063 719.419170 182.612934 805.233700 247.154207 1.515649 1.607158 3.648567 3.943919 1.818101 19.621080 -1.572702 0.999486
Car -1 -1 -1.745305 698.305330 182.761014 755.105879 228.775814 1.499659 1.499809 3.753509 3.968179 1.871834 25.825994 -1.592847 0.982589
Car -1 -1 1.736993 493.145097 179.170158 536.886454 215.235672 1.569107 1.488459 3.750896 -4.515629 1.891162 34.555132 1.607050 0.926054
Car -1 -1 0.704780 1149.690787 176.197712 1332.820415 230.427656 1.411560 1.558821 4.073091 18.713405 1.593253 21.744953 1.415388 0.897105
Car -1 -1 -2.288032 1077.426959 178.188195 1189.095627 227.543651 1.435471 1.400703 2.882878 16.676021 1.640546 23.152090 -1.663824 0.764882
