Pedestrian -1 -1 0.071308 523.341574 146.559257 612.637922 355.866519 1.789204 0.652573 0.816530 -0.389950 1.478076 6.258128 0.009078 0.998715
Pedestrian -1 -1 1.111177 706.858707 135.743214 780.171015 312.889644 1.910953 0.581451 0.715834 1.549508 1.430236 8.207138 1.297781 0.998472
Pedestrian -1 -1 2.379237 862.644731 137.164049 997.217516 374.946088 1.663509 0.569692 0.695815 2.491676 1.368415 5.537770 2.802043 0.998132
Pedestrian -1 -1 2.476960 772.681481 137.170013 888.891564 368.012870 1.713032 0.622906 0.695494 1.790525 1.406482 5.840872 2.774416 0.997950
Pedestrian -1 -1 0.373465 617.579583 142.502265 688.513912 314.744175 1.829952 0.596977 0.704642 0.488302 1.428071 8.205377 0.432905 0.996978
Pedestrian -1 -1 -0.386661 670.337571 146.798820 743.366810 320.465379 1.823427 0.621224 0.643487 1.099759 1.472822 8.083435 -0.251440 0.994311
Pedestrian -1 -1 -1.875330 577.243856 149.867762 648.610159 317.842154 1.751433 0.547960 0.800910 0.027574 1.436360 7.723089 -1.871759 0.994270
Pedestrian -1 -1 -1.206810 1072.463981 120.130501 1236.695596 465.494350 1.745653 0.511177 0.655382 3.085507 1.428680 4.016778 -0.551791 0.980600
Pedestrian -1 -1 2.763581 763.711586 147.202619 836.317151 316.587558 1.749095 0.632259 0.535281 2.030327 1.414482 7.562249 3.025878 0.974707
Pedestrian -1 -1 2.775541 511.167447 142.291491 557.642465 241.891398 1.757840 0.573151 0.698725 -1.332815 1.082433 12.950255 2.672984 0.967922
Pedestrian -1 -1 -0.457337 1123.338672 122.701567 1360.882058 478.342457 1.734356 0.571688 0.727973 3.249633 1.444835 3.785903 0.251985 0.956108
Pedestrian -1 -1 0.717671 297.076564 143.824669 338.026359 218.298292 1.804898 0.617333 0.736450 -7.610806 0.899341 18.600931 0.329290 0.938715
Pedestrian -1 -1 -0.086600 260.573388 143.322977 305.684619 233.908888 1.768151 0.604109 0.840097 -7.116038 0.991378 15.512953 -0.516678 0.924428
Pedestrian -1 -1 1.219500 812.302141 111.837596 935.996687 408.873890 1.792127 0.537815 0.534441 1.644360 1.371898 4.454409 1.573135 0.879493
Pedestrian -1 -1 1.007794 490.242744 138.525612 513.611363 185.543263 1.825845 0.533997 0.953250 -4.446622 0.119891 30.212313 0.861664 0.721521
Cyclist -1 -1 0.411659 339.372225 152.011426 385.713310 199.323770 1.747074 0.580789 1.423365 -9.499754 0.702890 27.466151 0.078667 0.530830
