Car -1 -1 1.667606 536.171484 180.803387 575.597970 212.737037 1.447482 1.641149 3.807041 -2.276029 1.461191 36.836378 1.605897 0.999491
Pedestrian -1 -1 1.934984 428.512862 178.513687 459.176340 247.149993 1.624492 0.560088 0.658328 -3.881419 1.549821 17.496108 1.716674 0.993472
Pedestrian -1 -1 1.150052 738.806269 169.822149 766.231886 234.296861 1.791168 0.582930 0.618375 4.371688 1.473137 20.924640 1.356014 0.991272
Pedestrian -1 -1 1.437085 630.605559 165.150934 674.611654 269.498299 1.745173 0.646540 0.946388 0.845832 1.462179 12.563640 1.504307 0.990487
Pedestrian -1 -1 0.023905 665.929753 172.617002 709.348854 267.138748 1.734481 0.689999 0.886291 1.655225 1.587123 13.996682 0.141617 0.985382
Pedestrian -1 -1 -0.046153 708.166146 169.095107 741.509397 244.100165 1.803431 0.593358 0.802907 3.131753 1.510377 18.415032 0.122300 0.981375
Pedestrian -1 -1 -0.630067 -15.688853 183.678711 292.653480 598.031714 1.528655 0.517003 0.793313 -2.079489 1.568273 3.161123 -1.211929 0.979196
Pedestrian -1 -1 3.004445 403.044872 174.423409 428.134460 240.696693 1.650086 0.504598 0.581532 -4.967919 1.518567 19.076625 2.749684 0.943676
Pedestrian -1 -1 1.869573 604.904389 169.810353 636.827511 239.868764 1.697347 0.604297 0.995287 0.471384 1.448762 18.864201 1.894556 0.903005
Cyclist -1 -1 2.711813 883.011654 180.833597 1242.381192 452.188992 1.628141 0.459266 2.066069 2.596587 1.568490 4.426989 -3.040912 0.849091
Pedestrian -1 -1 -1.962568 413.862713 177.548948 442.037820 246.341988 1.693827 0.474969 0.647324 -4.411378 1.557143 18.100470 -2.201624 0.682691
Pedestrian -1 -1 0.304650 102.475278 169.461059 302.314933 452.787076 1.508172 0.875777 0.772386 -2.213605 1.405563 3.978231 -0.203116 0.574112
Pedestrian -1 -1 1.916225 684.959846 171.481349 725.412212 253.166240 1.744157 0.615972 0.888314 2.331562 1.534267 16.242073 2.058802 0.517659
