Car -1 -1 -1.921762 760.501176 160.529351 1077.669026 375.921666 1.657850 1.647690 4.052904 2.786162 1.555604 7.671016 -1.573371 0.999964
Car -1 -1 -1.765334 703.445749 178.518799 833.751595 269.198744 1.526686 1.684536 4.043996 2.898155 1.663709 14.261927 -1.564855 0.999644
Car -1 -1 1.190281 369.936260 167.376386 466.915476 223.550226 1.482505 1.589545 3.614816 -5.599764 1.333380 20.912512 0.928648 0.999570
Car -1 -1 -1.639193 656.010974 170.529662 699.546840 207.285173 1.403980 1.550613 3.277507 2.730415 1.338951 29.949098 -1.548276 0.999457
Car -1 -1 -2.217271 445.932077 163.216268 525.139943 198.272255 1.535950 1.589355 3.911785 -5.668371 1.102714 32.721612 -2.388799 0.999438
Car -1 -1 -1.675791 687.604200 175.116639 764.982853 238.919588 1.459521 1.613032 3.696253 2.830530 1.534452 18.764434 -1.526074 0.998126
Car -1 -1 -2.095297 160.667038 168.781770 362.921086 268.968131 1.579666 1.790437 3.863402 -6.221748 1.519031 12.955939 -2.542999 0.997394
Car -1 -1 -1.504963 636.958482 165.880517 668.149248 194.913671 1.622757 1.530178 3.192504 2.454876 1.225489 42.715159 -1.447555 0.992442
Car -1 -1 0.721041 -265.339337 189.270709 241.093968 356.376178 1.468151 1.675895 4.118557 -6.361092 1.676137 7.696132 0.030331 0.781562
Car -1 -1 -0.900882 248.771836 169.895701 421.299194 243.834923 1.493668 1.805766 3.702953 -6.068706 1.432099 16.077809 -1.261806 0.658211
