Pedestrian -1 -1 -0.199579 682.321393 155.972622 742.593488 293.737598 1.753122 0.618057 0.659491 1.352543 1.441813 9.257912 -0.054509 0.999405
Pedestrian -1 -1 0.506142 737.268698 143.111011 806.734459 293.266281 1.818541 0.618597 0.641816 2.087203 1.361414 9.024327 0.733432 0.999381
Pedestrian -1 -1 2.086096 772.290467 137.958220 951.441698 469.253872 1.722514 0.562495 0.823179 1.294700 1.455194 3.701335 2.422586 0.998601
Pedestrian -1 -1 -2.838291 567.159835 146.501304 637.639106 301.815919 1.793251 0.621941 0.735701 -0.078931 1.405429 8.752724 -2.847308 0.998477
Pedestrian -1 -1 0.787277 966.613289 127.699840 1130.267384 454.887925 1.721742 0.575489 0.542903 2.413116 1.408547 3.950276 1.335653 0.998290
Pedestrian -1 -1 0.808527 823.165542 142.397716 1050.296583 551.127024 1.698799 0.726360 0.659432 1.454524 1.550646 3.422231 1.210416 0.997520
Pedestrian -1 -1 -0.340905 466.289342 146.706574 619.797852 430.608998 1.671801 0.647210 0.862480 -0.492624 1.496505 4.754797 -0.444143 0.996443
Pedestrian -1 -1 1.315065 1080.931680 127.859567 1307.810289 524.285447 1.688020 0.675061 0.697830 2.821673 1.477805 3.486941 1.995398 0.991369
Cyclist -1 -1 -2.204296 421.838345 144.641181 454.950173 188.547195 1.756563 0.537188 1.401546 -6.980628 0.288524 29.336357 -2.437903 0.940663
Cyclist -1 -1 1.099210 485.737384 141.709884 515.354519 183.407182 1.791419 0.620946 1.408939 -4.793294 0.093806 31.835806 0.949770 0.704199
Pedestrian -1 -1 0.300863 1117.470330 144.544655 1248.967614 416.239338 1.762877 0.671028 0.527156 3.956936 1.523669 4.898340 0.980349 0.697902
Pedestrian -1 -1 2.387140 609.527677 149.492679 642.515707 218.976018 1.692693 0.541362 0.578417 0.486858 0.909130 18.754058 2.413094 0.579862
Pedestrian -1 -1 1.378565 514.022566 150.885234 596.915222 353.427155 1.789852 0.622710 0.727006 -0.517759 1.532241 6.534616 1.299497 0.500049
