Car -1 -1 1.723717 490.407357 175.066323 569.001063 234.241785 1.480487 1.604221 3.858914 -2.023847 1.321309 20.629021 1.625924 0.999736
Pedestrian -1 -1 1.915545 550.211282 159.195971 626.378186 315.612801 1.688589 0.617833 0.756856 -0.197636 1.437778 8.130884 1.891243 0.998956
Pedestrian -1 -1 -2.840780 753.103778 156.075240 849.739531 335.130170 1.704798 0.717283 0.793126 2.020943 1.466831 7.428269 -2.575148 0.998832
Pedestrian -1 -1 -2.771770 913.676072 137.706828 1076.782651 454.722487 1.708393 0.607280 0.732814 2.403458 1.499692 4.501913 -2.281391 0.998546
Pedestrian -1 -1 2.847086 650.579659 167.924290 708.866895 274.289786 1.698933 0.607782 0.857423 1.291947 1.486719 12.345915 2.951352 0.998433
Pedestrian -1 -1 -2.211064 865.653193 142.605188 1012.194844 398.171381 1.685239 0.618456 0.715768 2.299363 1.401918 5.055119 -1.784177 0.997186
Pedestrian -1 -1 0.905844 689.721926 160.437986 752.348083 275.258817 1.755111 0.612290 0.850606 1.902965 1.454823 11.738390 1.066561 0.988869
Pedestrian -1 -1 0.882169 610.488841 164.487503 635.613070 216.698393 1.689416 0.643149 0.530914 0.709508 1.117031 24.589289 0.911015 0.933643
Pedestrian -1 -1 -1.891718 711.618560 153.465879 804.342940 328.190710 1.714998 0.668908 0.930237 1.565607 1.450852 7.501342 -1.685962 0.862053
Cyclist -1 -1 -1.129098 396.149614 156.000249 466.966482 265.855641 1.728273 0.529402 1.682044 -3.043307 1.343214 12.774014 -1.362980 0.822009
Pedestrian -1 -1 -2.551563 885.794347 160.260957 971.687266 324.165200 1.690086 0.633040 0.571404 3.534911 1.481419 7.838225 -2.127891 0.575974
