Car -1 -1 2.018265 52.804357 193.257982 353.801617 353.323685 1.487761 1.668633 4.039337 -4.871627 1.805629 9.269938 1.534403 0.999973
Car -1 -1 -1.861540 803.709016 180.992870 1023.873827 322.534836 1.524776 1.634869 3.907846 3.817971 1.658653 9.916825 -1.494031 0.999964
Car -1 -1 -1.792514 735.105089 179.992391 864.661854 263.232814 1.453919 1.645290 4.007609 3.687271 1.608887 14.811500 -1.548528 0.999904
Car -1 -1 1.883202 305.639143 188.215721 443.056151 273.956738 1.544702 1.665750 3.929256 -4.961367 1.917372 15.622147 1.575691 0.999903
Car -1 -1 1.881135 392.654212 184.188609 488.131438 245.327184 1.581311 1.578435 4.166612 -4.971088 1.964591 21.592983 1.654860 0.999826
Car -1 -1 1.441131 503.584079 177.668246 551.484743 210.840642 1.472742 1.623046 4.081997 -4.061229 1.748355 35.891462 1.328457 0.999561
Car -1 -1 3.034597 1065.499236 172.685098 1198.952028 218.547026 1.522404 1.644528 3.803445 18.915173 1.564972 26.379959 -2.626525 0.993417
Car -1 -1 -2.577856 982.904123 170.335986 1071.885043 210.256110 1.482127 1.473327 2.886016 17.684087 1.466181 30.798104 -2.056627 0.981119
Car -1 -1 -1.660687 692.171852 178.924173 733.405806 217.597907 1.487863 1.425800 3.325962 4.288656 1.750257 30.754354 -1.522131 0.920281
Car -1 -1 -1.693463 710.612709 180.465169 769.809938 232.727699 1.509735 1.525667 3.581050 4.042776 1.780220 23.414554 -1.522488 0.919921
Car -1 -1 2.324482 1024.255455 198.391857 1693.666666 509.932822 1.486579 1.559696 3.789546 5.207200 1.749670 5.461201 3.086076 0.693397
