Car -1 -1 -1.829639 696.376678 170.862098 858.672302 287.297380 1.585241 1.644991 3.769243 2.470029 1.562732 11.882000 -1.624678 0.999958
Car -1 -1 -1.690683 641.892829 178.771074 680.681870 209.210341 1.413270 1.564117 3.432008 2.498494 1.754642 36.376576 -1.622106 0.999723
Car -1 -1 -2.398512 -310.388226 187.112494 213.595235 352.264736 1.461265 1.609587 4.124400 -6.677561 1.643405 7.583089 -3.120497 0.998449
Car -1 -1 0.751420 73.160750 189.045700 373.970043 301.069130 1.401742 1.697144 3.911803 -5.680360 1.679680 10.700575 0.263401 0.998225
Car -1 -1 -2.020111 413.376336 174.646145 487.402221 214.659218 1.432097 1.598450 3.204627 -5.972480 1.503202 26.937446 -2.238298 0.996992
Car -1 -1 -1.055408 455.622704 172.640052 523.598611 208.267414 1.490174 1.635942 3.289868 -5.377643 1.483895 32.087459 -1.221458 0.995939
Car -1 -1 -1.676210 676.765033 181.823077 733.383848 233.548801 1.467872 1.500498 3.135870 2.867120 1.784890 22.906638 -1.551692 0.970241
Car -1 -1 2.687072 267.864376 170.162542 429.719908 233.853029 1.516692 1.713124 3.378792 -6.804697 1.469384 18.829591 2.340292 0.965355
Car -1 -1 3.029132 186.614779 185.316599 388.360967 261.759152 1.417932 1.659997 4.084591 -7.258807 1.752834 16.183828 2.607508 0.961226
Car -1 -1 0.270523 341.007315 174.190152 471.873156 229.631463 1.496877 1.803614 3.181345 -5.718844 1.536652 20.413767 -0.002621 0.952444
Car -1 -1 1.218368 523.898762 172.128151 560.062236 197.091444 1.663829 1.527700 3.389393 -4.891029 1.670482 51.623516 1.123906 0.650641
