Pedestrian -1 -1 1.067257 665.626776 138.654776 725.382765 260.775917 1.687932 0.576978 0.754456 1.271607 1.108659 10.353530 1.189463 0.998909
Pedestrian -1 -1 1.196243 614.121125 138.546366 671.992528 264.139071 1.826109 0.626504 0.806062 0.522622 1.195300 10.720940 1.244953 0.996389
Pedestrian -1 -1 -2.177039 581.055420 140.605578 627.883238 240.716871 1.775673 0.610572 0.758484 -0.036023 1.043213 13.471795 -2.179713 0.995004
Pedestrian -1 -1 -0.232566 480.479248 139.984417 528.728466 238.221778 1.777491 0.595376 0.786192 -1.927480 1.025540 13.270898 -0.376799 0.994577
Pedestrian -1 -1 -1.228136 552.918046 138.963054 602.118243 239.741566 1.781314 0.680662 0.826998 -0.548833 1.045282 13.153426 -1.269837 0.993148
Pedestrian -1 -1 1.919176 1084.746640 124.720248 1322.475992 539.683276 1.731168 0.703545 0.714951 2.777037 1.481930 3.388085 2.605784 0.992173
Pedestrian -1 -1 -2.774560 442.847164 141.142902 491.309436 230.407298 1.755138 0.660675 0.797129 -2.858985 0.958632 14.465818 -2.969683 0.989414
Pedestrian -1 -1 -2.122720 524.947326 136.805339 569.787776 231.824588 1.817996 0.604173 0.765887 -1.190697 0.972866 14.173825 -2.206530 0.987303
Pedestrian -1 -1 0.095643 269.163170 143.961029 315.815180 236.227069 1.796301 0.615794 0.851506 -6.675380 1.051656 15.048929 -0.321858 0.883766
Pedestrian -1 -1 2.877564 501.375479 135.381788 546.319328 231.550773 1.826303 0.585965 0.721358 -1.602163 0.962374 13.517679 2.759591 0.791733
Cyclist -1 -1 -2.648462 393.879633 144.451044 434.937298 197.924355 1.820783 0.565102 1.193971 -6.670186 0.574940 24.538359 -2.913875 0.778863
