Car -1 -1 1.812025 358.740818 160.678763 490.856031 257.814680 1.569324 1.647562 3.509868 -3.201592 1.196268 13.623405 1.581207 0.999931
Pedestrian -1 -1 1.328807 787.688093 150.315407 867.794452 326.085427 1.808505 0.652748 0.847647 2.384745 1.477508 7.758978 1.626996 0.999235
Pedestrian -1 -1 0.620087 56.387831 168.752680 141.412801 303.529659 1.801296 0.527250 0.762626 -6.822151 1.618917 9.677324 0.006038 0.998198
Pedestrian -1 -1 2.940222 157.587757 165.236694 242.345608 331.388637 1.648104 0.588345 0.635144 -4.185982 1.475325 7.379163 2.424215 0.996276
Pedestrian -1 -1 1.873367 512.424311 167.051522 543.002426 231.052498 1.642485 0.660488 0.612102 -1.945880 1.233101 18.799848 1.770229 0.990832
Pedestrian -1 -1 -2.157193 988.368434 144.363259 1140.050733 354.183433 1.762668 0.537938 1.213595 4.150269 1.446431 6.572357 -1.593952 0.968224
Pedestrian -1 -1 2.775144 763.721257 187.965053 797.714672 261.765558 1.627964 0.563390 0.635759 4.115775 1.775605 16.714187 3.016585 0.948127
Pedestrian -1 -1 1.225291 607.898601 165.472445 641.849080 230.162765 1.662130 0.580530 0.946392 0.548839 1.236672 19.550252 1.253356 0.606520
Pedestrian -1 -1 1.000052 739.872348 182.299497 762.532150 230.033668 1.700780 0.567764 0.663299 5.714378 1.797959 27.649128 1.203858 0.532185
Pedestrian -1 -1 0.655186 94.032617 161.609693 190.196756 300.521635 1.744307 0.548259 0.827980 -6.115452 1.519691 9.573626 0.086738 0.531694
