Car -1 -1 -1.886194 826.138589 183.873377 1203.391997 413.073201 1.465294 1.627172 3.995102 3.201354 1.571096 6.690106 -1.439877 0.999980
Car -1 -1 -1.855805 737.563435 181.400102 890.838722 284.708928 1.486806 1.630175 3.793680 3.298298 1.662819 12.739498 -1.602464 0.999966
Car -1 -1 0.863341 161.241254 196.603143 372.969897 301.932459 1.408443 1.691453 4.101600 -5.804528 1.890651 12.719162 0.435210 0.999950
Car -1 -1 1.852658 323.952596 189.254863 440.254829 257.752100 1.447386 1.682838 4.196051 -5.678861 1.912491 18.322303 1.552104 0.999831
Car -1 -1 1.843097 429.755097 183.796895 499.845667 228.272139 1.481270 1.612041 3.947486 -5.456563 1.929845 27.356816 1.646222 0.999736
Car -1 -1 1.833940 495.502556 177.832150 539.972815 207.952877 1.578785 1.606179 3.889502 -5.377412 1.922286 42.243003 1.707323 0.999507
Car -1 -1 1.392886 685.453151 179.677332 755.564941 234.364570 1.545420 1.589842 3.657543 3.428344 1.794557 23.223144 1.539454 0.999277
Car -1 -1 -1.696154 655.586553 179.874759 697.633375 212.544824 1.549396 1.756824 3.867205 3.262080 1.910679 36.927077 -1.608044 0.993966
Car -1 -1 2.259707 1093.230573 137.667957 1597.946120 299.112908 1.694557 1.687468 4.673972 9.198125 1.345439 9.129009 3.048876 0.828220
Car -1 -1 1.150578 552.796516 172.501671 590.342074 196.680182 1.629649 1.560176 3.694415 -2.883959 1.689609 54.179058 1.097398 0.732731
Car -1 -1 0.955318 -326.114855 230.808820 86.551060 399.592457 1.529979 1.645221 4.001161 -8.121917 2.265718 8.298432 0.180669 0.683079
