Pedestrian -1 -1 0.488788 522.709819 145.184880 576.702882 258.279338 1.727106 0.628848 0.666698 -0.936651 1.183763 11.507797 0.407574 0.999225
Pedestrian -1 -1 -0.003764 568.238884 128.880759 682.056990 400.468860 1.793870 0.711801 0.704790 0.086419 1.434899 4.964893 0.013640 0.999085
Pedestrian -1 -1 0.976065 258.016524 159.819761 371.478891 345.798026 1.649760 0.620375 0.893996 -2.860502 1.490452 6.835057 0.579709 0.999070
Pedestrian -1 -1 2.021288 983.703505 119.976258 1154.283875 440.336011 1.712541 0.557177 0.648231 2.636267 1.363988 4.071489 2.595900 0.999008
Pedestrian -1 -1 2.029514 825.383251 149.588336 916.138562 349.750550 1.697123 0.578120 0.642376 2.365875 1.448634 6.463787 2.380389 0.998940
Pedestrian -1 -1 2.044500 862.518136 124.205618 1030.703501 433.322647 1.708052 0.592105 0.732337 1.859937 1.360486 3.970992 2.482534 0.997453
Pedestrian -1 -1 -2.849188 739.298111 134.036402 837.839486 349.073185 1.872968 0.623651 0.740173 1.639596 1.466098 6.509079 -2.602428 0.995722
Pedestrian -1 -1 -0.921758 661.194303 143.096877 752.674341 344.734543 1.874755 0.663731 0.702647 0.983336 1.541586 7.248634 -0.786923 0.988041
Pedestrian -1 -1 0.975865 696.973330 126.273498 799.616890 368.394377 1.873334 0.611017 0.654862 1.161847 1.444224 6.110562 1.163760 0.936049
Cyclist -1 -1 -0.364514 337.929802 151.584717 387.645915 198.733390 1.716024 0.565139 1.518240 -9.177805 0.673014 26.632135 -0.696382 0.905287
Pedestrian -1 -1 -0.455659 615.610104 137.035493 718.649258 362.531409 1.851891 0.670438 0.704897 0.496866 1.511488 6.395239 -0.378122 0.899677
Cyclist -1 -1 0.879326 485.229602 140.672642 515.725999 181.782165 1.790996 0.610107 1.379463 -4.734910 0.019827 31.809922 0.731561 0.832119
