Car -1 -1 -1.711975 688.489926 182.805931 778.609503 253.064710 1.436165 1.581532 3.739562 2.755095 1.703391 17.227636 -1.553395 0.999885
Car -1 -1 -2.823860 773.495219 188.459099 1333.043265 514.345570 1.558326 1.621334 3.722637 2.802576 1.681894 5.339880 -2.340539 0.999605
Car -1 -1 1.420384 650.301176 173.145369 709.263304 218.545211 1.545264 1.639049 3.838332 2.444970 1.574730 26.864503 1.511145 0.999555
Car -1 -1 0.682479 223.525966 175.527345 416.885284 250.813800 1.648216 1.696856 4.290390 -7.198957 1.739623 17.821013 0.298564 0.999313
Car -1 -1 -2.529219 -108.981236 173.819911 287.154203 320.335443 1.580247 1.611404 3.797012 -6.453586 1.619136 9.127221 3.138511 0.998657
Car -1 -1 2.740988 314.643100 168.218358 476.818678 227.070201 1.564260 1.647062 3.691724 -5.961914 1.443118 19.981974 2.451032 0.997865
Car -1 -1 1.181872 484.412985 176.099994 546.098279 208.753866 1.514837 1.847051 3.723271 -4.876984 1.679644 36.628968 1.049505 0.945821
Car -1 -1 0.850186 -305.530947 201.279867 143.661150 397.545906 1.575478 1.653297 3.302052 -6.393844 1.844057 7.004904 0.110362 0.750365
Car -1 -1 1.979426 435.636705 175.144784 498.559562 211.945140 1.529761 1.582115 3.177468 -6.307541 1.668524 31.874586 1.784064 0.608172
Car -1 -1 1.097933 170.749473 180.054057 283.197121 234.414676 1.496599 1.676398 3.534890 -12.177299 1.790083 22.772826 0.606889 0.573483
