Pedestrian -1 -1 -0.479697 539.735957 145.132464 595.069508 273.995748 1.723915 0.649059 0.567720 -0.587870 1.258831 10.158681 -0.537501 0.999392
Pedestrian -1 -1 0.740313 313.603526 149.788781 437.120141 386.861465 1.645002 0.569351 0.735777 -1.878463 1.471792 5.648164 0.419241 0.999001
Pedestrian -1 -1 0.495646 646.688791 141.750043 792.793599 442.714194 1.814456 0.582254 0.775304 0.684604 1.574150 4.607152 0.643162 0.998946
Pedestrian -1 -1 2.470358 908.916352 143.784726 1033.474330 398.311316 1.652452 0.564495 0.577593 2.486537 1.401598 4.972111 2.934083 0.998754
Pedestrian -1 -1 2.351836 800.726435 132.545691 937.299100 399.332543 1.799397 0.636215 0.666201 1.880762 1.455761 5.212439 2.698119 0.997716
Pedestrian -1 -1 0.593396 1004.351655 150.453605 1265.185810 528.446248 1.675559 0.644130 0.878856 2.927459 1.638659 3.985379 1.226935 0.991649
Pedestrian -1 -1 2.886924 727.143962 128.999165 854.879621 430.453430 1.833002 0.506124 0.621958 1.054054 1.484367 4.341420 3.125105 0.965941
Cyclist -1 -1 -1.053258 488.910713 139.811122 513.331102 181.734163 1.805659 0.548523 1.251890 -4.663442 0.034773 31.599545 -1.199780 0.869279
Pedestrian -1 -1 -0.195149 234.850942 141.349862 291.996014 257.630057 1.764540 0.596917 0.753414 -5.671923 1.172483 11.651255 -0.648187 0.820692
Pedestrian -1 -1 0.294207 932.403261 129.165549 1142.920989 509.512432 1.803852 0.576067 0.756509 2.217174 1.529686 3.685840 0.835757 0.739417
Pedestrian -1 -1 2.008427 642.382311 154.452482 678.197691 240.183317 1.675513 0.552460 0.503716 1.091400 1.171104 14.374962 2.084206 0.669872
