Car -1 -1 -1.912233 741.521842 179.191780 926.859514 296.203167 1.491597 1.597143 3.801570 3.173181 1.610467 11.325568 -1.639059 0.999980
Car -1 -1 2.058590 111.683197 197.272471 355.531250 315.720912 1.403187 1.688567 4.058382 -5.692186 1.851383 11.453986 1.597376 0.999910
Car -1 -1 1.868300 305.596771 189.213198 428.941380 263.603271 1.453248 1.615881 4.091543 -5.624781 1.886065 17.066442 1.549930 0.999878
Car -1 -1 -2.113542 827.359017 186.605038 1379.164607 445.067821 1.430855 1.643064 3.927778 3.417330 1.583978 6.015964 -1.596951 0.999797
Car -1 -1 1.848821 420.872870 184.889783 495.541885 229.305621 1.454225 1.656960 4.020707 -5.681438 1.946589 27.152508 1.642555 0.999703
Car -1 -1 1.376500 689.070359 179.885389 765.565764 236.584330 1.524870 1.584057 3.536472 3.498150 1.771537 22.158501 1.533077 0.999532
Car -1 -1 1.374167 493.676464 178.004273 537.607505 207.855785 1.567482 1.583486 3.845001 -5.406896 1.887797 41.503141 1.244620 0.998787
Car -1 -1 -1.656336 655.606922 178.738488 696.963718 212.286945 1.558283 1.750669 3.970898 3.215147 1.858971 36.392869 -1.568219 0.996519
Car -1 -1 -0.714840 -108.106052 180.778884 76.902935 264.843410 1.613932 1.483330 3.243174 -14.564652 1.868335 16.835142 -1.428054 0.953339
Car -1 -1 1.883337 550.060023 171.884851 584.063102 196.042283 1.634180 1.503976 3.496673 -3.212920 1.638885 53.787553 1.823675 0.627574
