Car -1 -1 1.864615 330.157833 189.197158 442.410957 256.925251 1.518295 1.706903 3.991733 -5.914863 2.005573 19.299219 1.567222 0.999923
Car -1 -1 1.433136 444.447910 184.110968 499.831213 224.584203 1.555612 1.525314 3.840314 -5.846970 2.076663 30.853737 1.245851 0.999191
Car -1 -1 1.415939 405.563223 187.313269 475.023695 236.766895 1.505825 1.534011 3.530067 -5.815941 2.039913 24.950644 1.186931 0.999152
Car -1 -1 1.807276 497.238982 180.042435 542.696132 210.202419 1.522996 1.658306 3.844138 -5.017299 1.971622 40.214153 1.683153 0.999086
Car -1 -1 -1.099956 -345.329294 200.296857 205.366554 432.196907 1.447451 1.554041 3.861591 -5.575098 1.749501 6.438920 -1.813577 0.981829
Car -1 -1 -0.770767 1106.375959 136.440879 1228.699201 177.185053 1.503874 1.660012 3.657355 21.735517 0.095721 28.232589 -0.114668 0.981472
Car -1 -1 -1.082805 1018.150551 145.423960 1084.593564 175.948567 1.565758 1.612121 3.745487 24.702466 0.085811 40.419003 -0.534221 0.972730
Car -1 -1 1.742211 471.848241 183.351984 517.319334 218.018511 1.552559 1.588125 3.783748 -5.719672 2.092401 35.852610 1.584011 0.966622
Car -1 -1 2.232451 1060.964012 139.878925 1163.528957 175.043121 1.540357 1.561475 4.328544 23.687605 0.038627 34.027611 2.840575 0.934131
Car -1 -1 -3.078066 768.236663 155.577012 882.100869 194.574506 1.595606 1.544149 4.761683 9.480367 0.842742 31.920914 -2.789368 0.890427
Car -1 -1 -0.919602 1067.144292 195.898492 1717.832398 431.246325 1.497716 1.655598 3.762358 6.028453 1.703443 5.848770 -0.119077 0.686614
