Car -1 -1 -1.842861 691.611363 185.748543 821.690835 268.333092 1.444886 1.594410 3.752862 2.800571 1.724968 14.715707 -1.654798 0.999941
Car -1 -1 -1.878736 739.124350 171.290341 1013.926585 363.916185 1.623785 1.567438 3.614922 2.628269 1.624355 7.962030 -1.559898 0.999930
Car -1 -1 1.375407 647.794230 174.389633 692.373230 210.071645 1.653389 1.541635 3.712647 2.955080 1.763431 36.595562 1.455982 0.999392
Car -1 -1 -2.495662 -85.605242 191.113356 314.657143 338.185733 1.533338 1.597760 3.721854 -5.940770 1.769759 8.783042 -3.090366 0.999376
Car -1 -1 -1.072746 452.671306 176.906676 526.357997 213.385588 1.429651 1.626121 3.427252 -5.038577 1.636612 30.196041 -1.238085 0.997313
Car -1 -1 0.788316 -343.721249 175.912465 247.935177 408.363330 1.505067 1.617007 3.673351 -4.885510 1.573624 5.730476 0.082344 0.986906
Car -1 -1 -3.066299 337.662151 180.413644 459.043986 246.869935 1.422710 1.618579 2.602925 -4.712478 1.577841 16.260369 2.934801 0.984518
Car -1 -1 1.395890 667.446143 176.005442 716.640014 217.975857 1.581961 1.461524 3.577251 3.321746 1.745167 30.236742 1.505309 0.853416
Car -1 -1 -0.047660 383.291651 176.931447 480.542459 229.077293 1.462272 1.653383 3.017707 -5.374906 1.625028 22.027502 -0.286992 0.671899
Car -1 -1 -3.098155 1100.316786 212.413028 1194.593798 248.900325 1.366731 1.510339 3.202855 25.042968 3.299268 33.407476 -2.454896 0.540049
