Car -1 -1 1.752498 375.271191 159.146237 477.848458 234.706374 1.651913 1.814863 3.526835 -4.294652 1.119029 17.842836 1.516298 0.999904
Car -1 -1 1.700223 464.715684 162.267250 558.322555 243.073074 1.633441 1.630648 3.827862 -2.040682 1.217364 16.749529 1.578985 0.999834
Pedestrian -1 -1 -1.959538 87.118401 166.752403 207.189228 374.445041 1.719634 0.636000 0.753929 -4.018304 1.591008 6.263892 -2.529916 0.998773
Pedestrian -1 -1 -0.407292 846.184586 150.352254 973.582427 336.708839 1.743225 0.559826 1.008624 2.913570 1.448648 6.916505 -0.008603 0.998406
Pedestrian -1 -1 1.102552 597.644036 162.232750 655.448410 265.351123 1.722388 0.640233 0.986975 0.389178 1.405939 12.839900 1.132853 0.998311
Pedestrian -1 -1 1.015330 260.225179 169.045670 311.106906 262.310957 1.785074 0.596752 0.876901 -6.460320 1.577758 14.638008 0.599702 0.997956
Pedestrian -1 -1 0.117967 1009.043068 152.881982 1123.021341 333.911326 1.755744 0.584909 0.900911 4.603889 1.474951 7.204480 0.686592 0.997753
Pedestrian -1 -1 2.178659 633.978813 162.619399 687.974231 264.336945 1.695634 0.545813 0.946279 1.009116 1.373434 12.763506 2.257557 0.994646
Pedestrian -1 -1 0.326116 771.707074 152.233742 829.321423 256.800534 1.775052 0.545185 0.864520 3.543172 1.283287 12.916140 0.593851 0.992068
Pedestrian -1 -1 1.841756 665.731466 160.407614 715.610963 265.321159 1.712992 0.636584 0.901266 1.506126 1.345316 12.355670 1.963055 0.989038
Pedestrian -1 -1 1.782192 1148.740816 135.025867 1241.257933 314.359470 1.773014 0.590770 0.757832 6.166393 1.305222 7.508486 2.469760 0.795937
Pedestrian -1 -1 1.311043 23.584011 165.089303 127.230986 370.344424 1.774225 0.690456 0.501813 -5.175579 1.672420 6.993371 0.673928 0.671000
Pedestrian -1 -1 0.361639 645.305140 173.525584 674.435688 243.657231 1.664748 0.565689 0.565379 1.410795 1.445616 17.777751 0.440831 0.536448
