Car -1 -1 -1.709555 642.210313 176.449841 715.186211 231.927559 1.448555 1.605235 3.979295 1.866103 1.574552 21.412633 -1.622625 0.999800
Car -1 -1 -1.663461 618.422132 172.233905 656.409924 204.826451 1.495788 1.533463 3.492405 1.275503 1.490241 35.569926 -1.627618 0.998782
Car -1 -1 -1.931480 436.170823 178.932120 489.638712 212.248428 1.444080 1.614226 3.112875 -6.904745 1.737506 33.917140 -2.132312 0.994203
Car -1 -1 -1.044924 903.710268 159.967627 1216.381947 330.778097 1.754022 1.798380 4.606539 5.683834 1.628303 9.446730 -0.503276 0.986039
Car -1 -1 -0.791967 967.835798 192.355724 1715.302000 429.760555 1.468397 1.682330 4.270567 5.559133 1.639518 5.846066 -0.031722 0.985846
Cyclist -1 -1 1.139625 301.688068 170.931116 403.432256 326.985247 1.729408 0.620757 1.676856 -3.099987 1.687581 8.643106 0.795251 0.978813
Car -1 -1 -2.328767 187.928360 180.823916 385.758023 259.972366 1.479162 1.677658 4.749219 -6.928405 1.678628 15.899991 -2.739707 0.960576
Car -1 -1 -0.986587 305.081353 184.491338 433.802217 249.307962 1.531265 1.648227 3.896869 -6.666237 1.908351 20.433755 -1.301937 0.945383
Car -1 -1 -0.877841 816.129823 162.971422 1366.273721 414.969062 1.490196 1.756436 4.401475 3.786075 1.432301 6.056403 -0.319144 0.888603
Car -1 -1 1.095668 478.130091 172.815086 526.467231 200.050194 1.556288 1.706659 3.511633 -6.730704 1.618667 45.183598 0.947792 0.754258
