Pedestrian -1 -1 1.203847 472.025417 170.259900 503.158118 243.239139 1.694174 0.528487 0.699361 -2.790399 1.453735 17.354115 1.044419 0.998898
Pedestrian -1 -1 -0.131400 750.811163 157.025509 858.555692 343.297199 1.676838 0.677457 0.917810 1.898128 1.466281 7.001326 0.133346 0.997998
Pedestrian -1 -1 1.345079 492.423238 164.929600 526.133144 243.035006 1.755665 0.621083 0.958791 -2.217410 1.389238 17.080200 1.215978 0.996993
Pedestrian -1 -1 0.208756 598.942916 171.329093 625.341490 231.157581 1.737287 0.697212 0.700012 0.285530 1.442776 21.794951 0.221856 0.989651
Car -1 -1 1.654182 531.215298 170.733144 559.440296 197.085544 1.535097 1.558153 2.975212 -3.569466 0.903185 46.188175 1.577055 0.985588
Pedestrian -1 -1 -0.614652 931.705371 122.629620 1052.367022 282.480862 1.916199 0.655264 0.959570 4.959161 1.192631 9.185383 -0.119599 0.957320
Pedestrian -1 -1 2.020476 136.998340 180.364080 346.366859 521.567930 1.585539 0.655710 0.836886 -1.804626 1.525973 3.639529 1.560161 0.945176
Pedestrian -1 -1 -0.018638 560.619994 168.999930 588.389430 237.044454 1.711994 0.855704 0.972158 -0.758330 1.416079 19.443033 -0.057621 0.938510
Pedestrian -1 -1 1.862445 625.999137 170.634812 649.681723 225.885705 1.742195 0.613865 0.608046 1.153406 1.421741 23.207768 1.912103 0.865826
Pedestrian -1 -1 0.521096 1080.289724 136.811066 1177.812764 283.414671 1.919632 0.482562 0.844268 7.378921 1.332779 10.142480 1.150058 0.809646
Pedestrian -1 -1 1.104742 247.665311 179.119437 373.222378 414.576443 1.648289 0.578376 0.759173 -2.253188 1.679983 5.405412 0.709804 0.563206
Pedestrian -1 -1 -0.355698 637.069859 167.149269 661.794385 224.101185 1.762606 0.588548 0.645737 1.520771 1.350017 23.280787 -0.290468 0.559916
Pedestrian -1 -1 0.284104 611.823369 171.221278 634.988289 226.142109 1.783610 0.641340 0.579380 0.672108 1.449421 22.864693 0.313491 0.502943
