Car -1 -1 2.284747 855.529079 188.289380 1117.181364 294.317672 1.528862 1.626388 3.961950 6.213332 1.813754 11.961835 2.763817 0.999634
Car -1 -1 -1.156918 971.879375 188.753366 1250.936013 332.251132 1.514105 1.694594 3.866001 6.434764 1.756786 9.364478 -0.554871 0.999482
Car -1 -1 -1.683993 630.678099 178.572106 683.130203 221.639290 1.486586 1.587919 4.035380 1.672698 1.734066 27.963277 -1.624246 0.998778
Car -1 -1 -2.694522 -183.562480 173.637820 295.859130 320.916337 1.599503 1.600422 4.179899 -6.268815 1.650658 8.551595 2.956093 0.997502
Car -1 -1 -1.018400 794.693069 187.338963 955.847859 268.710033 1.407744 1.578821 4.076527 5.401101 1.753830 15.063969 -0.674133 0.996505
Cyclist -1 -1 1.294490 471.705804 172.919248 508.645728 238.932552 1.751033 0.557940 1.683677 -3.422810 1.798328 20.300476 1.127454 0.996309
Car -1 -1 -0.787945 334.680122 178.964711 462.647969 223.080402 1.380047 1.653366 4.476249 -7.259948 1.622922 24.927650 -1.071347 0.995662
Car -1 -1 -2.075801 115.321867 166.223512 332.360012 271.442259 1.611490 1.757061 4.016292 -6.886845 1.519315 12.794698 -2.569584 0.994060
Car -1 -1 -1.151046 1071.971940 186.041017 1564.653052 451.659442 1.439561 1.521393 3.329605 5.082168 1.565852 5.344047 -0.390760 0.987380
Car -1 -1 -1.671450 621.701149 174.660480 663.379265 210.125534 1.543953 1.662220 4.101295 1.468247 1.675856 35.258313 -1.629832 0.907844
Car -1 -1 -1.652846 614.278748 173.475024 645.225427 202.034598 1.600401 1.586483 3.980850 1.137868 1.693735 44.740488 -1.627419 0.761399
