Car -1 -1 -1.782802 706.467910 185.254346 843.478529 280.705606 1.408389 1.593223 4.107705 2.757225 1.665186 13.238370 -1.577463 0.999967
Car -1 -1 0.771818 331.601490 176.876329 494.811268 239.567143 1.540348 1.720810 4.205912 -5.442074 1.682458 19.572532 0.500622 0.999602
Car -1 -1 -1.696251 680.202223 178.607523 743.652640 229.551975 1.437821 1.510693 3.954729 3.065327 1.641710 22.856498 -1.562935 0.999463
Car -1 -1 1.666470 551.820859 177.236014 590.753639 206.726482 1.418821 1.707497 3.779139 -2.026844 1.661076 38.189108 1.613446 0.998179
Car -1 -1 0.751487 -313.083681 191.695164 252.525680 379.159250 1.541771 1.678588 3.879037 -5.973073 1.735635 6.923293 0.039637 0.998048
Car -1 -1 -0.822838 420.184730 174.818582 513.902244 213.300987 1.530686 1.769468 4.122579 -6.199461 1.649414 31.123057 -1.019457 0.997490
Car -1 -1 0.906621 261.550724 177.848207 431.668313 253.083563 1.566594 1.640758 3.983739 -6.143306 1.701641 16.677496 0.553685 0.993862
Car -1 -1 -1.644984 651.384867 171.476517 686.422553 202.224663 1.631074 1.712482 3.603533 3.281296 1.585269 41.078079 -1.565274 0.990360
Car -1 -1 0.691669 479.141203 174.859045 545.712203 204.628522 1.534372 1.745559 3.625229 -5.552581 1.710178 41.228314 0.557796 0.988837
Car -1 -1 -1.167753 202.343536 181.078310 387.498657 286.432888 1.501832 1.791400 3.001244 -5.105595 1.654637 11.979278 -1.570641 0.935368
