Car -1 -1 -1.822361 713.395834 169.860861 914.090659 312.204903 1.587346 1.663612 3.851459 2.515704 1.560229 10.049868 -1.577079 0.999956
Car -1 -1 -1.640968 647.883703 177.001309 687.684712 209.658039 1.409450 1.579518 3.511202 2.641826 1.646945 33.698758 -1.562732 0.999618
Car -1 -1 -1.169356 406.367622 172.742300 489.536375 214.409764 1.472838 1.636442 3.481848 -6.098347 1.479178 26.949526 -1.391896 0.998661
Car -1 -1 3.100954 228.041263 167.238198 417.147182 247.936720 1.541867 1.718925 3.690687 -6.018331 1.444665 15.323603 2.726714 0.997997
Car -1 -1 -1.660766 685.825709 181.638105 760.284225 249.201828 1.482759 1.487406 3.428940 2.629423 1.705429 17.666067 -1.513011 0.997461
Car -1 -1 0.007951 61.196513 189.908183 327.306373 283.898891 1.403107 1.609173 3.947171 -7.449203 1.769352 13.135949 -0.507914 0.955492
Car -1 -1 -1.667383 673.743767 180.606815 729.802167 231.799182 1.439840 1.450378 3.041630 2.759381 1.700504 22.552229 -1.545633 0.953636
Car -1 -1 -2.854904 311.458532 176.911637 456.963489 238.884360 1.457134 1.879780 3.034943 -5.527225 1.558344 17.772227 3.126760 0.931325
Car -1 -1 0.966318 446.236351 171.562660 518.060253 206.442229 1.509293 1.646998 3.222546 -5.804110 1.473107 32.433377 0.789238 0.839516
Car -1 -1 -0.189097 -95.739179 181.567960 434.070423 335.067092 1.458818 1.612391 3.985706 -4.741224 1.614534 7.661573 -0.743248 0.532486
