Car -1 -1 1.684841 545.522572 183.474509 595.905924 224.016003 1.457921 1.613519 3.935715 -1.190673 1.575667 29.252555 1.644161 0.999795
Pedestrian -1 -1 2.052685 961.918326 165.968378 1071.949693 350.089234 1.683846 0.604261 0.823103 3.905759 1.532286 6.844977 2.571208 0.999301
Pedestrian -1 -1 2.748922 288.612265 168.605761 377.749846 331.528356 1.634748 0.616543 0.701755 -2.889912 1.494779 7.610332 2.386006 0.999007
Pedestrian -1 -1 1.420876 766.305467 167.231395 851.540794 347.523778 1.694976 0.677874 0.992587 1.959068 1.531354 6.995326 1.693935 0.997270
Pedestrian -1 -1 0.162173 710.837614 175.462419 769.576446 299.507754 1.682738 0.699275 0.722630 1.929317 1.598610 10.196241 0.349180 0.996696
Pedestrian -1 -1 -0.048090 683.928703 177.289555 740.334533 294.016056 1.699975 0.703968 0.787426 1.629007 1.628166 10.885377 0.100459 0.996657
Pedestrian -1 -1 3.044004 1037.602458 162.015450 1153.923632 357.305928 1.720204 0.508232 0.823351 4.417916 1.530196 6.534828 -2.644706 0.986457
Pedestrian -1 -1 -1.439011 628.290621 173.271548 665.718975 254.699266 1.699122 0.637312 0.954095 0.917069 1.499014 15.183845 -1.378687 0.928934
Pedestrian -1 -1 1.973030 179.344914 180.483362 240.815882 305.350531 1.611287 0.431885 0.802729 -5.388033 1.601142 9.799659 1.470326 0.780903
Pedestrian -1 -1 1.152616 654.454081 176.503414 689.731323 254.227510 1.681019 0.482026 0.987807 1.609232 1.630131 16.935951 1.247350 0.634777
