Car -1 -1 1.827077 365.971927 181.743171 518.020234 285.088945 1.485422 1.625956 4.358810 -2.891280 1.694384 13.231043 1.611936 0.999949
Car -1 -1 -1.109712 716.551385 186.205818 859.207786 287.715046 1.489954 1.632529 3.729468 2.975010 1.761458 13.074821 -0.885984 0.999890
Car -1 -1 1.124334 805.005429 185.747273 1181.560838 423.167551 1.521731 1.613151 3.997553 3.075213 1.707163 7.041222 1.536110 0.999863
Car -1 -1 1.698325 521.991107 178.075948 565.601260 212.799676 1.539387 1.570182 3.629848 -3.260671 1.820013 35.136703 1.605791 0.999189
Car -1 -1 1.455280 665.661930 181.501818 707.095631 215.860338 1.465567 1.553700 3.644714 3.509283 1.908627 34.297623 1.557244 0.998600
Car -1 -1 1.471435 685.368161 186.790676 753.303284 244.823511 1.467640 1.548144 3.780361 3.039952 1.910154 20.953609 1.615510 0.998288
Car -1 -1 1.480924 645.593379 169.972349 677.581381 199.229370 1.636897 1.622878 3.904759 3.114602 1.516108 44.697039 1.550494 0.996175
Car -1 -1 1.755055 467.148945 181.693563 535.109680 231.201643 1.473227 1.595561 3.840314 -3.663823 1.800236 24.555762 1.606943 0.995415
Car -1 -1 1.671893 544.047454 178.911799 578.053329 208.411589 1.611231 1.643175 3.428954 -2.954509 2.027405 43.149532 1.603528 0.989030
Car -1 -1 1.416523 494.401803 179.109784 550.952129 218.663459 1.474209 1.578840 3.800976 -3.647556 1.761137 30.326989 1.296823 0.819926
