Car -1 -1 -1.097602 944.645777 189.957379 1170.631328 308.933735 1.517260 1.648353 3.657699 6.425308 1.769306 10.633864 -0.554077 0.999887
Car -1 -1 2.329961 834.735651 189.705713 1075.389350 284.557708 1.555509 1.650307 4.289984 6.561934 1.905830 13.814746 2.773406 0.999557
Car -1 -1 -1.652940 630.858338 177.528195 680.579284 219.033124 1.482283 1.633414 4.179414 1.694802 1.706637 28.791524 -1.594143 0.999035
Car -1 -1 -2.620434 -72.164631 175.314310 317.834890 304.784201 1.519238 1.582989 4.043655 -6.256299 1.574166 9.554229 3.082996 0.998268
Car -1 -1 2.105468 782.147614 185.341753 934.484960 261.268407 1.439055 1.572744 4.266979 5.567678 1.773222 16.433471 2.432132 0.996505
Cyclist -1 -1 -1.441758 485.679939 174.631536 513.496009 234.518322 1.691043 0.587086 1.800215 -3.335252 1.745264 21.520301 -1.595516 0.991300
Car -1 -1 0.793131 357.205796 179.343291 476.963560 222.860345 1.387891 1.679522 4.468380 -6.655367 1.643891 25.190043 0.534827 0.991121
Car -1 -1 -0.637563 927.230159 190.420469 1609.588754 394.067713 1.499782 1.655375 4.299979 5.488670 1.676565 6.480285 0.065175 0.986537
Car -1 -1 -2.123295 149.346081 170.903547 371.381562 267.278323 1.578951 1.780313 4.113024 -6.587103 1.549071 13.367170 -2.581151 0.950959
Car -1 -1 -1.636021 615.433842 175.233908 644.786401 202.271022 1.576246 1.615436 3.690732 1.173048 1.744879 45.359936 -1.610166 0.827618
