Pedestrian -1 -1 -1.130880 699.678954 158.754946 796.846452 334.506899 1.708626 0.640112 1.042995 1.419979 1.486519 7.249316 -0.937452 0.997912
Pedestrian -1 -1 1.282948 466.721624 172.873107 495.266278 241.858313 1.653018 0.524680 0.692177 -3.067837 1.447843 18.050874 1.114602 0.992146
Pedestrian -1 -1 1.757550 587.302443 168.281858 615.570272 235.037012 1.771298 0.663650 0.813135 -0.036670 1.414279 19.777404 1.755696 0.991804
Pedestrian -1 -1 1.783026 489.500574 170.359861 520.452457 239.048368 1.708424 0.612250 0.976284 -2.536532 1.438018 18.725188 1.648384 0.990059
Pedestrian -1 -1 0.646753 924.768577 129.698914 1017.081681 287.343017 1.928640 0.605854 0.808604 4.684095 1.275788 9.219376 1.116836 0.986962
Pedestrian -1 -1 -0.015101 554.458613 169.638515 582.049376 237.556960 1.710759 0.754407 0.847034 -0.914878 1.405032 19.098584 -0.062967 0.986507
Pedestrian -1 -1 -0.276335 -134.894018 148.722783 150.071000 584.546418 1.624387 0.594710 0.925578 -2.744905 1.535827 3.327355 -0.966105 0.944973
Cyclist -1 -1 1.979185 886.835753 159.698618 930.616732 230.776697 1.652092 0.467157 1.323989 7.717330 1.159068 18.189093 2.380448 0.924134
Pedestrian -1 -1 0.207007 611.100535 170.729183 636.365353 229.806975 1.757627 0.577649 0.666237 0.653124 1.458138 21.843112 0.236899 0.906367
Pedestrian -1 -1 0.018052 228.550111 199.647543 348.690953 382.222416 1.607690 0.526671 0.991400 -2.978444 1.788433 6.756605 -0.397141 0.880636
Pedestrian -1 -1 0.704900 220.566649 206.181780 260.785784 279.203519 1.712109 0.466315 0.604213 -8.741646 2.323242 17.377851 0.238828 0.637281
Pedestrian -1 -1 2.485810 1014.434510 140.719035 1087.702671 275.757821 1.889663 0.569456 0.668862 6.435580 1.324412 10.397157 3.040065 0.626277
Car -1 -1 1.630134 523.522872 172.638906 550.284638 199.547462 1.482859 1.449874 2.696151 -3.887238 1.009495 43.645072 1.541304 0.506349
