Car -1 -1 -1.903126 787.438028 187.834063 1081.360408 350.600413 1.432762 1.633526 4.252417 3.493768 1.654019 8.666341 -1.519914 0.999974
Car -1 -1 1.885932 270.312474 192.010309 424.810942 281.610782 1.443489 1.659757 4.164359 -5.141768 1.883131 14.554451 1.546340 0.999955
Car -1 -1 -1.805122 742.107693 185.203662 880.982890 279.748993 1.476341 1.631815 3.818396 3.549922 1.729039 13.547649 -1.548851 0.999931
Car -1 -1 2.066988 -1.653016 195.524727 336.552460 372.833981 1.486223 1.660045 4.017369 -4.892884 1.817996 8.662183 1.552810 0.999918
Car -1 -1 1.734872 472.088237 180.757905 527.020414 222.042780 1.494559 1.624895 3.700298 -4.426020 1.847086 29.251310 1.584701 0.999785
Car -1 -1 -0.044932 969.718834 177.469902 1058.902643 214.317742 1.470343 1.572416 3.520604 18.376840 1.745815 33.027521 0.462819 0.999169
Car -1 -1 -1.722040 715.545284 184.834075 787.087457 240.382096 1.487690 1.618739 3.815647 4.169966 1.889809 22.240151 -1.536695 0.997409
Car -1 -1 -2.477440 1056.982796 178.854215 1174.700112 227.516635 1.476484 1.447511 3.006443 16.962429 1.718286 24.393067 -1.869822 0.990665
Car -1 -1 -0.879446 1157.761704 178.566821 1305.141394 224.458016 1.433186 1.664765 3.958720 21.567515 1.688464 25.092348 -0.169448 0.980930
Car -1 -1 -1.684368 699.906978 181.740608 745.412942 227.746671 1.512615 1.442216 3.120611 4.185881 1.912232 27.740792 -1.534605 0.893706
Car -1 -1 1.460822 497.551158 181.125153 541.759525 215.577126 1.572306 1.588622 4.037831 -4.510288 2.007992 36.222261 1.336942 0.796237
Car -1 -1 1.374578 1076.706553 204.757931 1703.996963 520.761950 1.408558 1.553002 3.670340 5.331173 1.724019 5.249356 2.167709 0.608269
