Car -1 -1 -1.863765 687.270732 175.079155 791.477802 234.931125 1.490041 1.766277 4.153073 3.521388 1.585552 20.650683 -1.694868 0.999893
Car -1 -1 1.924074 297.040779 194.901705 422.197173 266.062540 1.460118 1.696787 4.078749 -6.259843 2.089063 18.447578 1.596935 0.999872
Car -1 -1 1.984975 121.409799 200.292606 335.601929 321.850537 1.480613 1.584594 3.693668 -5.789005 1.975033 11.376204 1.514257 0.999837
Car -1 -1 1.893008 397.347297 188.928833 482.236415 238.394907 1.489433 1.718509 4.066997 -6.015643 2.118709 25.656556 1.662701 0.999687
Car -1 -1 2.533393 873.163311 150.911952 1030.409481 212.271131 1.711044 1.609182 3.903229 10.083526 1.075442 21.376377 2.974156 0.999087
Car -1 -1 2.420548 969.552325 137.528818 1244.853175 226.695044 1.690382 1.705050 4.759162 10.143425 0.965719 14.947483 3.016769 0.997611
Car -1 -1 -1.770595 655.551895 178.507392 706.320997 213.147863 1.501155 1.605397 4.043822 3.367473 1.806696 34.842645 -1.674247 0.994087
Car -1 -1 1.384357 455.853694 188.827160 504.929369 224.161415 1.459039 1.442820 3.367647 -5.955130 2.230860 33.187109 1.206805 0.982909
Car -1 -1 1.452330 490.254067 185.465566 528.234893 212.974449 1.509729 1.657427 3.663224 -6.008989 2.316175 43.148460 1.313957 0.972053
Car -1 -1 0.083743 828.415336 155.764646 962.436985 208.816293 1.571710 1.676227 4.007384 8.888173 1.041371 22.410517 0.461322 0.893211
Car -1 -1 2.005529 -436.027156 208.139878 192.558441 501.167155 1.422683 1.539726 3.914417 -5.639081 1.839050 6.033538 1.253911 0.877246
Car -1 -1 2.188105 933.279007 145.318482 1115.203153 215.264002 1.587102 1.757503 4.202755 11.030298 0.912603 18.972223 2.714730 0.842575
Car -1 -1 -1.781749 673.492548 177.671076 742.148160 223.017273 1.498347 1.672724 4.010616 3.500096 1.711911 26.665068 -1.651234 0.760847
Car -1 -1 1.433090 518.616731 179.351193 550.547435 203.926263 1.643122 1.646578 3.652394 -5.435618 2.183168 52.199352 1.329332 0.703935
