Car -1 -1 1.956610 55.360235 194.790302 409.288816 398.066821 1.469193 1.704333 4.325007 -3.609214 1.753916 7.766648 1.521593 0.999976
Car -1 -1 1.848893 352.605876 189.382047 476.570908 273.624173 1.459546 1.632350 3.498107 -3.999446 1.860661 15.182759 1.591324 0.999932
Car -1 -1 -1.753329 648.069332 177.587966 697.693956 218.871095 1.524258 1.445545 2.869099 2.491765 1.735541 29.184047 -1.668155 0.998798
Car -1 -1 -2.806938 774.036484 159.676989 948.191314 217.495763 1.646668 1.598823 4.526202 7.669483 1.277784 22.368848 -2.476634 0.998387
Car -1 -1 -0.638329 -275.934724 208.739591 198.958634 391.820290 1.497401 1.533299 3.800140 -6.918608 2.005814 8.294188 -1.333550 0.994079
Car -1 -1 1.768187 484.612407 183.109801 521.244483 208.917048 1.524388 1.669721 3.949744 -7.093948 2.263044 47.868186 1.621060 0.989613
Car -1 -1 1.283162 451.999393 189.746265 494.938793 221.910093 1.459437 1.478446 3.081302 -6.935775 2.376883 36.729873 1.096527 0.982441
Car -1 -1 1.030952 954.553552 151.594638 1032.632307 182.779670 1.524229 1.721551 3.935961 20.378978 0.443494 38.383827 1.519034 0.959125
Car -1 -1 0.076804 729.835728 164.958635 845.601847 204.319078 1.461807 1.666132 4.493355 7.226153 1.173950 29.221585 0.319229 0.885177
Car -1 -1 -1.976555 867.495744 166.282333 951.514195 203.344688 1.429115 1.729001 4.755460 13.213974 1.212545 32.245894 -1.587640 0.706822
