Car -1 -1 1.984524 151.888046 191.035895 384.903811 322.058630 1.514786 1.638858 3.912948 -4.860894 1.829263 10.761952 1.560278 0.999944
Car -1 -1 -1.914026 767.326020 185.431551 972.999260 309.842053 1.449913 1.578401 3.857315 3.548061 1.660011 10.691710 -1.593610 0.999921
Car -1 -1 1.869436 322.274940 187.988100 450.483435 267.782686 1.536863 1.618958 4.225882 -5.054894 1.923847 16.653731 1.574745 0.999885
Car -1 -1 -1.942947 905.532988 186.029643 1481.331853 507.888509 1.502377 1.622646 3.960698 3.705950 1.625723 5.521977 -1.351863 0.999857
Car -1 -1 -1.772966 728.868266 184.272833 835.794429 260.595887 1.484337 1.604402 3.708546 3.722010 1.777279 16.322462 -1.548769 0.999806
Car -1 -1 1.753827 484.946161 180.323770 536.477569 218.528940 1.495210 1.580507 3.888126 -4.324228 1.866573 31.706745 1.618282 0.999580
Car -1 -1 -1.649454 692.055706 181.845217 733.313521 222.333688 1.474749 1.501218 3.188051 4.085444 1.892271 29.723017 -1.512860 0.917298
Car -1 -1 -1.734207 710.670448 185.339871 763.431692 234.532847 1.465078 1.462176 3.018142 4.023882 1.905486 24.083147 -1.568653 0.879518
Car -1 -1 0.957719 608.479040 172.788390 651.225001 195.702503 1.592588 1.417554 3.777626 1.491512 1.640715 54.997754 0.984832 0.655259
Car -1 -1 0.244809 1037.908270 175.985280 1160.067292 215.418446 1.446874 1.711114 3.824916 20.764170 1.668304 30.653210 0.840198 0.646153
Car -1 -1 2.063896 -482.272526 203.893618 206.431421 524.288822 1.407848 1.594615 3.754333 -5.119784 1.767349 5.556499 1.319380 0.551598
