Car -1 -1 2.038023 -39.578679 204.338303 275.445954 371.215109 1.483163 1.625995 3.722181 -5.756531 1.931353 8.929020 1.465383 0.999976
Car -1 -1 1.780417 444.219524 188.034266 497.062847 224.504381 1.539266 1.579638 3.863334 -6.619591 2.283883 34.140981 1.588904 0.999838
Car -1 -1 -1.796268 941.284117 171.062251 1429.013504 527.169009 1.475529 1.578841 3.600971 3.301716 1.497042 5.011372 -1.213700 0.999836
Car -1 -1 1.824302 497.410785 181.515624 535.805938 209.950460 1.637857 1.621282 3.669891 -6.003632 2.262890 46.718029 1.696494 0.996184
Car -1 -1 1.745489 647.652623 177.032413 696.843104 210.659080 1.550982 1.637445 3.892000 3.073466 1.788605 37.044559 1.828266 0.996085
Car -1 -1 -1.042206 234.597557 198.808101 302.159451 231.786282 1.456439 1.466897 3.521036 -17.109415 2.796891 36.185594 -1.483877 0.994655
Car -1 -1 1.762826 471.384112 186.066328 513.933815 219.475127 1.654158 1.602653 3.827011 -6.624856 2.440511 40.585000 1.601019 0.991369
Car -1 -1 -1.043765 183.451964 199.580414 243.139043 229.284334 1.519435 1.577620 3.385855 -23.119952 3.106318 42.067555 -1.546294 0.971517
Car -1 -1 0.934257 106.901500 205.309097 165.223615 230.468331 1.518491 1.685619 3.737623 -30.905937 3.691104 47.370884 0.356179 0.884647
Car -1 -1 2.111830 142.663313 203.526742 200.928926 231.866857 1.534019 1.499631 3.239338 -26.466932 3.444953 43.723010 1.567499 0.794413
Car -1 -1 1.114773 610.371419 175.938038 660.735820 200.699356 1.541778 1.657868 4.190951 1.610208 1.825266 49.345986 1.147392 0.647956
