Car -1 -1 -1.814419 747.721844 183.648589 909.732808 299.209358 1.515107 1.597007 3.776976 3.271014 1.713858 11.729461 -1.542457 0.999974
Car -1 -1 -2.821768 185.373807 182.375403 421.879580 263.902938 1.509728 1.690615 4.142816 -6.248021 1.732127 15.014498 3.067081 0.999658
Car -1 -1 -1.703329 680.977648 181.772939 732.277912 221.344823 1.364539 1.499391 3.611367 3.611630 1.747885 27.798676 -1.574132 0.999509
Car -1 -1 3.127875 337.780556 181.125002 480.212587 235.764539 1.510910 1.572718 3.984448 -6.108036 1.789535 21.992280 2.856968 0.999405
Car -1 -1 -1.674631 721.219965 179.863900 807.874540 255.296482 1.610923 1.629708 4.154644 3.652594 1.807485 17.867422 -1.472982 0.998571
Car -1 -1 0.806418 -86.105622 180.116079 349.801721 332.687815 1.520372 1.726677 4.269888 -5.811984 1.658628 8.685791 0.216707 0.998062
Car -1 -1 1.492864 647.223617 166.864560 679.892370 199.455044 1.713787 1.658431 3.311615 2.946690 1.410195 41.158705 1.564335 0.980859
Car -1 -1 0.911336 458.573966 182.707334 537.804369 218.486280 1.408896 1.680257 3.375653 -4.816545 1.861745 30.833121 0.756375 0.957926
Car -1 -1 -2.007359 547.859897 172.532205 592.009159 197.943870 1.621257 1.650715 3.944205 -2.840845 1.656493 50.747237 -2.063281 0.815086
Car -1 -1 -0.988305 493.726622 180.279041 563.151006 210.164188 1.385751 1.735569 3.958066 -4.184506 1.801859 36.672443 -1.101918 0.801188
