Car -1 -1 -1.865415 762.935218 180.248732 967.783647 315.669418 1.544474 1.641155 3.908522 3.349443 1.669750 10.424571 -1.554531 0.999971
Car -1 -1 1.859570 284.331959 190.156522 415.422500 269.127142 1.434549 1.617130 3.957228 -5.604100 1.862788 15.895522 1.520618 0.999856
Car -1 -1 2.070783 44.089429 200.530185 332.800889 335.730842 1.403156 1.692759 4.267233 -5.814622 1.876481 10.530096 1.566259 0.999843
Car -1 -1 1.839502 411.785988 186.199786 489.023728 233.204439 1.447621 1.677749 4.130815 -5.699957 1.977206 25.953399 1.623312 0.999561
Car -1 -1 1.363987 488.692635 178.581848 535.241430 209.279520 1.549819 1.649579 3.895139 -5.499431 1.908698 40.587777 1.229312 0.999549
Car -1 -1 1.378962 697.478689 181.797172 772.620195 240.495542 1.484605 1.508361 3.273532 3.540298 1.780466 21.003137 1.545953 0.999399
Car -1 -1 -1.693573 661.463803 179.840330 704.799585 214.336269 1.557631 1.673089 3.705355 3.398704 1.910518 34.912664 -1.596530 0.993253
Car -1 -1 -1.775786 675.313999 182.400017 729.482666 224.083218 1.444516 1.443993 3.395435 3.498503 1.862805 28.233781 -1.652503 0.957312
Car -1 -1 1.895444 541.282012 173.205130 577.884812 197.154459 1.598222 1.548032 3.773116 -3.666322 1.689417 52.675450 1.825954 0.602294
Car -1 -1 -0.788795 996.900283 177.571896 1656.985534 493.882652 1.487092 1.610718 3.983200 4.557755 1.556109 5.256770 -0.074499 0.532910
