Car -1 -1 1.659983 562.154830 179.941758 603.989908 214.568757 1.479275 1.685542 3.985876 -0.826517 1.448828 35.039036 1.636399 0.999092
Pedestrian -1 -1 1.228731 433.528582 173.000611 471.483246 257.454014 1.606187 0.609619 0.530223 -2.997830 1.438462 14.301212 1.022102 0.998061
Pedestrian -1 -1 1.929010 679.136628 170.797807 738.863014 289.338921 1.722298 0.667057 0.925139 1.623860 1.576778 11.176080 2.073298 0.996988
Pedestrian -1 -1 1.826122 711.544521 175.786662 759.933599 285.930505 1.671260 0.594781 0.808048 2.157324 1.608153 11.719354 2.008166 0.995430
Pedestrian -1 -1 -2.989735 807.442266 167.254118 849.235498 247.632284 1.838283 0.613566 0.864345 5.309361 1.489974 16.921985 -2.685707 0.990620
Pedestrian -1 -1 -1.179025 773.753086 167.216398 810.343580 248.920205 1.876227 0.579972 0.808320 4.474685 1.527031 16.998444 -0.921623 0.987779
Pedestrian -1 -1 0.105423 749.193839 172.802667 783.082733 254.913179 1.746981 0.545522 0.703267 3.700813 1.586975 16.303988 0.328629 0.942926
Pedestrian -1 -1 2.648690 -112.512769 166.327317 193.581593 549.741813 1.610782 0.515568 0.944194 -2.806827 1.573538 3.611838 1.988057 0.925994
Pedestrian -1 -1 2.887423 391.393746 173.992407 429.128929 258.085875 1.609156 0.521991 0.583124 -3.838541 1.497833 14.217897 2.623730 0.663379
Pedestrian -1 -1 -1.797269 642.094138 173.826324 674.736028 245.007353 1.660002 0.590733 1.024926 1.351166 1.465640 17.462322 -1.720047 0.627810
