Car -1 -1 0.590490 753.839883 184.648351 878.405913 228.702917 1.487702 1.627922 4.183009 7.460447 1.975923 26.679017 0.863162 0.999043
Car -1 -1 -2.025346 776.346695 188.489548 1378.939839 532.455806 1.469539 1.649516 3.978117 2.542493 1.644158 5.200025 -1.570587 0.998234
Car -1 -1 0.815729 -300.551868 177.070458 237.953679 373.775621 1.509686 1.548096 3.683425 -5.639931 1.539292 6.513145 0.102059 0.993765
Car -1 -1 -1.626691 637.423961 178.863239 664.046097 202.072247 1.436669 1.596281 3.870952 2.711801 1.896728 49.385154 -1.571835 0.992888
Car -1 -1 -2.671370 273.209022 175.818132 449.081630 236.780267 1.459396 1.748633 3.774000 -6.618099 1.572680 19.173914 -3.003728 0.990283
Car -1 -1 0.451311 694.135941 179.652558 767.917057 209.438694 1.523345 1.511287 3.231228 6.485905 1.911856 39.316311 0.614805 0.983673
Car -1 -1 1.050442 539.622509 171.218148 594.233525 194.555772 1.468363 1.787053 4.444537 -3.050351 1.416545 49.579815 0.988996 0.978492
Car -1 -1 -0.444601 475.196222 171.968931 556.699412 202.751594 1.527407 1.682606 3.668837 -4.928985 1.482264 37.681613 -0.574668 0.900680
Car -1 -1 -2.476863 352.621549 173.370364 485.468715 227.728209 1.486190 1.688572 3.451089 -5.551682 1.499500 20.894031 -2.736569 0.860468
Car -1 -1 2.645297 410.867651 170.498549 505.517290 213.697300 1.577973 1.598520 2.832140 -5.638284 1.510353 26.384544 2.434767 0.594278
