Car -1 -1 -2.114498 463.619140 166.352336 716.837558 317.217054 1.692534 1.684903 3.901858 -0.561018 1.620809 10.137522 -2.169783 0.999962
Car -1 -1 -1.901249 314.013762 195.228889 442.714391 268.470126 1.400801 1.570264 3.674998 -5.442192 1.943953 16.364523 -2.222304 0.999828
Car -1 -1 2.716224 379.933803 179.474748 470.565741 215.830013 1.545006 1.650146 3.576735 -8.573803 1.893547 33.453426 2.465333 0.999779
Car -1 -1 2.020979 780.285049 178.635012 884.039105 237.105518 1.428846 1.560470 4.029388 6.259313 1.640130 20.798713 2.313304 0.999778
Car -1 -1 -1.791756 183.597174 190.619110 258.497436 232.190598 1.410291 1.676562 3.708471 -14.920493 2.118815 27.439120 -2.289801 0.999579
Car -1 -1 0.350744 854.961301 173.841966 998.992941 222.759799 1.510235 1.559290 4.143165 10.653655 1.582516 24.620538 0.759130 0.993080
Car -1 -1 1.180991 700.872195 179.735614 770.320261 227.265361 1.512705 1.474600 2.866241 4.343103 1.778924 25.366652 1.350560 0.992923
Car -1 -1 2.030921 741.698686 184.197770 830.369773 228.954290 1.398691 1.576968 3.740170 6.272833 1.831797 25.682117 2.270479 0.980530
Car -1 -1 -0.905591 354.916447 187.254587 462.545529 241.035733 1.466108 1.767396 3.682921 -6.503953 1.963060 22.789748 -1.183590 0.895584
Car -1 -1 -1.638254 134.602593 185.186005 167.533372 210.638883 1.517998 1.569455 3.753639 -30.251175 2.372918 47.462601 -2.205698 0.886384
