Car -1 -1 1.755569 447.839632 186.545834 497.353006 224.461385 1.668476 1.627794 4.117798 -6.738879 2.389855 35.465058 1.567793 0.999582
Car -1 -1 1.779797 408.803815 189.440739 473.066205 234.766394 1.530452 1.627352 3.823532 -6.398307 2.198575 27.464714 1.550915 0.999521
Car -1 -1 2.248017 106.640546 200.411995 194.083449 238.061499 1.538614 1.693512 3.415174 -21.352896 2.871536 33.564099 1.681416 0.999344
Car -1 -1 1.441609 477.682423 179.316658 521.156807 213.816991 1.753131 1.717510 4.053553 -6.169003 2.150373 40.311505 1.289754 0.999175
Car -1 -1 1.001565 175.913900 201.679104 251.477536 236.589100 1.395370 1.521425 3.499850 -18.203796 2.782149 33.198156 0.499999 0.997793
Car -1 -1 2.055098 1009.709859 139.338433 1091.545678 181.578023 1.667935 1.567061 3.704177 19.305758 0.233986 31.718496 2.601861 0.997073
Car -1 -1 3.124354 12.971744 206.791888 98.133761 242.691889 1.558502 1.762059 3.361238 -27.881312 3.345806 36.301718 2.469405 0.892027
Car -1 -1 0.105335 64.707261 206.006667 139.734895 237.998110 1.492682 1.704002 3.049316 -26.467632 3.286359 37.644917 -0.507460 0.837727
Car -1 -1 -1.386620 661.208998 173.420528 707.389233 209.511785 1.454243 1.390735 2.973537 3.246485 1.509271 32.497921 -1.287052 0.756319
Car -1 -1 -1.314846 640.916311 168.685762 681.282738 196.565001 1.570148 1.580885 3.552863 3.138454 1.362736 44.742299 -1.244816 0.547415
