Car -1 -1 -1.990837 785.965025 186.219138 1204.391466 442.621780 1.491626 1.631093 4.092738 2.808778 1.641796 6.533416 -1.584815 0.999915
Car -1 -1 -1.692358 656.323432 172.472816 706.126288 214.457020 1.616473 1.628170 3.929758 2.912340 1.624581 30.475173 -1.597083 0.999772
Car -1 -1 -1.733609 691.553953 175.312322 795.149884 256.088194 1.485913 1.561627 3.591243 2.621817 1.546736 15.157281 -1.562330 0.999640
Car -1 -1 -2.224464 387.838088 170.992793 505.320828 221.806256 1.444542 1.546453 3.705691 -5.021818 1.395253 21.817774 -2.450695 0.999533
Car -1 -1 -1.235608 253.033030 170.895649 431.996033 261.428596 1.486437 1.715551 4.112284 -4.731214 1.446973 13.197640 -1.579826 0.997371
Car -1 -1 1.646342 624.434560 167.968802 649.772051 191.104347 1.596495 1.553204 3.499112 1.976366 1.282759 53.494917 1.683271 0.988090
Car -1 -1 -2.156580 464.699515 167.571578 528.639439 197.257433 1.491312 1.754001 3.482111 -6.023646 1.242497 38.099761 -2.313384 0.979806
Car -1 -1 -0.121861 115.570527 180.522140 357.078635 297.481173 1.520884 1.619184 3.336385 -5.652389 1.654814 10.982635 -0.597173 0.976566
Car -1 -1 -2.080361 329.757830 167.212620 456.258365 228.466140 1.514637 1.670136 3.849265 -5.689656 1.370318 18.874775 -2.373141 0.915315
Car -1 -1 -2.134379 493.916979 168.285863 552.542215 194.947405 1.459162 1.760819 3.746826 -5.120198 1.230970 42.385342 -2.254598 0.599385
