Car -1 -1 2.971081 374.810519 176.298867 489.388638 225.624318 1.519400 1.655884 3.493798 -6.039268 1.676558 24.267695 2.727175 0.999679
Car -1 -1 -1.504086 686.756969 182.679462 766.014303 246.441875 1.497120 1.615457 3.755744 3.052190 1.802632 19.700736 -1.350380 0.999668
Car -1 -1 -0.133267 184.790350 185.230604 409.454096 268.194528 1.431622 1.587501 4.201810 -6.368239 1.723766 14.799995 -0.539607 0.999323
Car -1 -1 -0.018191 731.673221 174.429765 864.073044 225.678976 1.576995 1.737816 4.167682 6.207352 1.660552 24.273676 0.232168 0.998928
Car -1 -1 -2.812740 748.282933 174.036891 1388.395989 521.246115 1.587469 1.556919 3.647740 2.783384 1.599213 5.069444 -2.310626 0.989451
Car -1 -1 1.618100 632.420054 173.251003 662.557232 198.782398 1.518628 1.628277 4.067948 2.399580 1.594860 47.871673 1.668183 0.987533
Car -1 -1 -2.509414 429.302316 172.928167 522.569196 209.685327 1.515705 1.693527 3.768420 -5.976607 1.572405 31.899894 -2.694622 0.980957
Car -1 -1 -0.006773 469.837870 174.831065 547.536636 205.367829 1.426294 1.671532 3.768067 -5.123775 1.579685 36.301162 -0.146993 0.948223
Car -1 -1 0.827756 -383.752705 171.230280 292.846039 427.927657 1.695179 1.673946 4.189751 -5.353707 1.705854 6.042657 0.102738 0.893525
Car -1 -1 0.668846 278.973917 179.572374 466.835046 250.452748 1.468105 1.686071 4.104592 -5.566996 1.647156 16.946977 0.351456 0.858482
Car -1 -1 -2.098186 102.650034 183.106313 309.402644 274.649451 1.550070 1.817518 4.206129 -8.064475 1.799691 14.364149 -2.609763 0.502985
