Car -1 -1 1.965470 172.952526 198.473091 357.212142 306.133964 1.482232 1.567976 3.652008 -5.898699 1.987165 12.651084 1.529177 0.999931
Car -1 -1 1.892459 318.270622 193.222564 433.108754 259.847426 1.477163 1.730950 4.212803 -6.249572 2.093255 19.654938 1.584603 0.999900
Car -1 -1 2.049871 -178.855589 210.623968 226.734463 413.483865 1.399932 1.610755 3.831858 -5.689608 1.918677 7.608237 1.407765 0.999827
Car -1 -1 -1.886041 681.022358 174.664224 779.008694 232.367725 1.502174 1.678031 4.157645 3.459853 1.601974 21.744590 -1.728250 0.999797
Car -1 -1 -3.045204 854.973477 151.152688 1005.462985 209.777512 1.657345 1.660045 3.941237 9.663340 1.026181 21.819282 -2.628287 0.999523
Car -1 -1 -3.011750 938.323496 139.056762 1193.009178 223.824520 1.707656 1.684936 4.778822 10.068780 0.959350 16.113719 -2.453253 0.999118
Car -1 -1 1.882448 403.956836 187.832507 487.066279 235.781694 1.483137 1.679427 4.174659 -5.877104 2.071415 25.991845 1.660075 0.999051
Car -1 -1 1.387543 458.749565 187.509099 507.074851 222.745950 1.480009 1.472446 3.415115 -5.983471 2.220571 33.996941 1.213327 0.996560
Car -1 -1 1.798230 489.697406 185.340503 528.736256 212.373145 1.557637 1.650080 3.769430 -6.268781 2.379631 45.157691 1.660291 0.990260
Car -1 -1 -1.382123 654.220787 179.600192 700.946145 210.801547 1.490962 1.628159 4.011373 3.499930 1.860156 37.759571 -1.289697 0.966635
Car -1 -1 1.418420 519.805245 179.418271 553.056214 204.183488 1.659637 1.661717 3.842513 -5.298459 2.202509 52.434236 1.317712 0.760807
Car -1 -1 -0.949084 812.638602 156.288149 940.566159 206.415613 1.578822 1.768486 4.239935 8.837193 1.042398 23.805603 -0.593629 0.741068
Car -1 -1 2.208783 909.831524 143.916217 1074.442976 206.850261 1.593770 1.825157 4.057728 11.047631 0.818101 20.629418 2.700447 0.703053
