Car -1 -1 1.684957 499.197576 171.514215 549.715147 212.660152 1.719679 1.739197 4.213570 -3.586835 1.282402 33.364716 1.577864 0.999724
Pedestrian -1 -1 0.041381 188.151498 164.491766 278.823823 346.611848 1.664919 0.605704 0.813304 -3.573095 1.484865 6.899133 -0.436488 0.997658
Pedestrian -1 -1 -1.820388 626.373043 167.394242 708.613563 339.183561 1.645583 0.682944 0.784125 0.615326 1.509925 7.491589 -1.738436 0.994390
Pedestrian -1 -1 -0.476103 -38.744587 128.888387 234.538831 553.822674 1.707082 0.602709 0.965187 -2.659864 1.536161 3.759568 -1.091839 0.983956
Cyclist -1 -1 1.378813 338.630052 162.707408 428.922550 327.361789 1.733860 0.636987 1.540293 -2.606026 1.542577 8.534000 1.082437 0.966709
Cyclist -1 -1 1.165609 822.862769 199.453890 977.845578 375.582689 1.524609 0.643691 1.672599 2.868834 1.717605 7.042363 1.552451 0.954747
Pedestrian -1 -1 -1.493525 679.480575 161.298623 760.324141 339.010799 1.656937 0.739051 0.913914 1.171502 1.444909 7.262554 -1.333596 0.934266
Cyclist -1 -1 1.025802 753.925646 152.907545 859.440987 318.712184 1.811945 0.634301 1.529966 2.509773 1.497699 8.959936 1.298913 0.918331
Pedestrian -1 -1 0.039289 786.478431 159.847109 838.727573 274.040808 1.859589 0.592928 0.909576 3.674290 1.526802 12.681238 0.321309 0.888843
Pedestrian -1 -1 -0.379790 742.724543 163.566660 784.632108 252.715420 1.829827 0.553672 0.774505 3.570985 1.478961 15.956752 -0.159626 0.784439
Cyclist -1 -1 2.274727 -207.007632 143.588194 151.054195 503.319121 1.725705 0.648811 1.774617 -3.706371 1.579073 4.422649 1.577215 0.650523
