Car -1 -1 1.770281 391.697188 161.761729 488.213713 230.121954 1.640028 1.832938 3.767844 -4.245854 1.132181 19.430694 1.555149 0.999880
Pedestrian -1 -1 -0.137873 235.604962 167.907314 291.989913 283.764115 1.752310 0.543160 0.736036 -5.399347 1.557163 11.383117 -0.580774 0.998045
Car -1 -1 1.557487 521.185813 153.433298 571.776119 206.214983 1.670276 1.695125 3.608447 -1.974084 0.707768 25.393784 1.479904 0.997219
Pedestrian -1 -1 -0.338959 707.949541 164.302261 786.360139 314.457610 1.682663 0.759622 0.725796 1.692576 1.482079 8.595985 -0.144543 0.997108
Pedestrian -1 -1 0.264824 758.680208 158.587884 822.284253 276.372399 1.770296 0.630305 0.849269 2.980720 1.422519 11.470852 0.519053 0.996643
Pedestrian -1 -1 2.620490 1064.426929 144.614251 1202.083789 325.845790 1.770869 0.639166 0.909823 5.582614 1.412231 7.652655 -3.032444 0.993221
Pedestrian -1 -1 1.697824 797.965490 156.317915 866.586065 303.205266 1.722675 0.726608 0.915331 2.889233 1.415373 9.110109 2.004936 0.970741
Pedestrian -1 -1 1.878332 616.350902 169.642171 651.469025 238.474444 1.627492 0.638537 1.092479 0.760110 1.348487 17.980376 1.920581 0.867276
Pedestrian -1 -1 -2.890448 684.840517 176.433640 707.483493 226.394161 1.647289 0.544034 0.666224 3.245261 1.494417 24.792343 -2.760290 0.845662
Pedestrian -1 -1 0.927440 353.782264 169.029642 398.667241 255.246097 1.671584 0.552675 0.784269 -4.657415 1.432937 14.785990 0.622290 0.781597
Pedestrian -1 -1 0.720029 780.592515 156.532101 816.546246 238.885070 1.823492 0.634508 0.591931 4.813137 1.288760 17.685662 0.985743 0.556899
