Car -1 -1 -1.903063 725.764694 182.258488 895.099133 299.153014 1.527709 1.560792 3.276356 2.889363 1.700644 11.360279 -1.654005 0.999964
Car -1 -1 -1.939936 809.989135 199.622434 1233.992400 470.862854 1.545127 1.603103 3.808244 2.980169 1.815001 6.205152 -1.492194 0.999894
Car -1 -1 1.021700 229.228319 173.343772 407.215644 257.218534 1.512302 1.675409 4.224445 -6.184376 1.541652 15.224389 0.635848 0.999759
Car -1 -1 -1.689567 670.058334 177.233178 733.149265 226.719084 1.398504 1.574750 3.568218 2.790060 1.566162 22.969232 -1.568689 0.999638
Car -1 -1 -1.646788 646.159826 172.711879 690.786240 209.850017 1.528970 1.628244 3.598212 2.527108 1.550543 31.832455 -1.567567 0.999518
Car -1 -1 -2.762830 387.083185 168.884452 510.639799 212.421240 1.552951 1.665250 3.884046 -5.879840 1.406724 26.226869 -2.983375 0.999283
Car -1 -1 -2.287933 61.525449 163.981421 311.360520 281.240104 1.796230 1.666948 3.647628 -7.510681 1.669773 12.637480 -2.824164 0.996130
Car -1 -1 1.020400 -72.699644 173.265472 283.815566 331.983770 1.519134 1.570726 3.752841 -5.787450 1.507883 8.190484 0.405254 0.982569
Car -1 -1 -0.702832 346.720323 175.659816 473.536579 224.826444 1.492342 1.666561 3.893593 -6.454121 1.587579 23.276674 -0.973315 0.916767
Car -1 -1 -2.003713 504.761623 171.155443 560.620000 202.606488 1.663901 1.787605 3.942877 -4.548175 1.584204 41.945506 -2.111721 0.863716
Car -1 -1 0.399037 -333.936993 158.950612 317.998843 378.865127 1.723232 1.674525 4.035041 -5.243586 1.624236 6.682310 -0.266302 0.771718
