Car -1 -1 -1.693529 684.360145 184.239240 757.789746 243.942898 1.497568 1.603486 4.111183 3.125730 1.877156 21.117365 -1.546579 0.999723
Car -1 -1 -2.045010 788.676372 171.607820 1231.499972 445.499651 1.619254 1.584732 3.495587 2.905827 1.648470 6.129531 -1.602321 0.999699
Car -1 -1 3.131851 389.059552 177.171625 493.792258 223.918824 1.509735 1.647778 3.542981 -6.016937 1.712041 25.671927 2.901628 0.999150
Car -1 -1 0.077140 727.923240 174.441782 848.522527 224.388220 1.582520 1.730914 4.140920 6.054232 1.668274 24.982672 0.314893 0.998667
Car -1 -1 -2.717243 215.250462 181.875271 455.749642 260.310722 1.483720 1.644920 4.172524 -5.696964 1.699575 15.117803 -3.077624 0.998267
Car -1 -1 0.667913 -234.599479 162.949611 401.555170 377.608197 1.632452 1.728108 4.450362 -4.416638 1.579540 6.394644 0.063471 0.994904
Car -1 -1 -1.526651 632.351203 175.371394 660.613093 200.298911 1.510692 1.710346 3.849158 2.430225 1.746928 48.587146 -1.476675 0.958072
Car -1 -1 3.087290 438.222131 174.499214 524.445625 209.707034 1.521076 1.705080 3.991868 -6.009196 1.636552 33.218905 2.908328 0.939881
Car -1 -1 -1.759533 704.381778 178.383146 794.273457 233.329991 1.507705 1.652389 4.219150 4.342607 1.713638 22.445804 -1.568423 0.808458
Car -1 -1 0.952995 484.306245 177.449672 547.167452 205.838367 1.415033 1.657574 3.474964 -5.096524 1.681300 38.659689 0.821921 0.806066
Car -1 -1 -0.937528 157.867178 187.519911 334.657577 270.595257 1.451886 1.684225 3.981149 -7.873225 1.817300 15.630521 -1.404138 0.599081
