Car -1 -1 1.945420 157.093066 202.710970 349.303401 310.246171 1.419778 1.589290 4.031207 -5.973832 1.999980 12.544491 1.500983 0.999929
Car -1 -1 1.985733 297.031870 194.036859 413.306858 267.274630 1.552193 1.516323 3.588847 -6.401379 2.157045 18.450216 1.651774 0.999868
Car -1 -1 1.823871 378.764190 188.771111 460.498414 242.443227 1.522909 1.670561 4.117509 -6.267499 2.109573 24.018361 1.568617 0.999775
Car -1 -1 1.898802 438.674560 187.882201 502.690816 225.504010 1.446103 1.593357 3.911557 -6.123037 2.155033 31.956903 1.709494 0.999586
Car -1 -1 2.357746 -393.619870 183.521012 219.160811 478.411430 1.503773 1.568140 3.632935 -5.168476 1.685365 6.116964 1.656196 0.998998
Car -1 -1 2.755782 854.668687 149.157604 1039.368581 215.176671 1.680471 1.630907 4.310706 9.336508 1.036513 20.233875 -3.095085 0.998692
Car -1 -1 -2.060737 1168.743153 134.452255 1288.600079 179.323340 1.525896 1.542463 3.860257 22.673234 0.149631 26.542806 -1.353802 0.997693
Car -1 -1 -1.101616 668.212450 174.142284 752.986094 221.544960 1.444347 1.613381 4.126658 3.427943 1.550844 25.550841 -0.968250 0.995055
Car -1 -1 1.174639 501.748869 181.505092 540.868880 207.840466 1.559214 1.552716 3.504586 -5.758706 2.169016 47.440689 1.053842 0.978069
Car -1 -1 0.077342 797.216611 156.368824 917.529211 203.102585 1.572728 1.697981 4.156469 8.813311 1.007768 25.865543 0.405740 0.977502
Car -1 -1 -1.320822 655.607412 176.346852 711.743956 209.804869 1.509491 1.685017 3.926232 3.582716 1.704811 35.716780 -1.220848 0.545907
