Car -1 -1 -1.786111 689.402150 176.249921 808.944970 263.022020 1.484288 1.571715 3.771696 2.600717 1.573519 14.579950 -1.609592 0.999884
Car -1 -1 0.628076 762.585855 173.796447 912.524288 234.331544 1.507459 1.499927 3.659227 6.078974 1.556565 19.933068 0.924085 0.998646
Car -1 -1 -2.362807 239.904798 136.959012 470.830123 243.808221 1.793953 1.664383 4.066979 -4.998829 1.123507 13.825048 -2.709759 0.998306
Car -1 -1 0.894986 -261.507698 174.504410 322.427987 359.455856 1.474321 1.660581 4.184081 -5.318421 1.480434 6.555196 0.213375 0.998109
Car -1 -1 2.034559 676.736074 169.532837 721.629736 195.874802 1.490277 1.465957 3.448319 5.309685 1.310458 43.641606 2.155630 0.997614
Car -1 -1 2.412524 431.482042 166.235177 521.040851 204.487872 1.506712 1.695250 3.597099 -5.632427 1.253950 30.095474 2.227512 0.995591
Car -1 -1 -1.600553 628.984441 167.421867 652.593622 190.501472 1.504633 1.637747 3.506159 2.088248 1.143365 51.207640 -1.559795 0.966732
Car -1 -1 0.995272 87.165998 175.338486 312.498913 261.616885 1.457377 1.723980 3.868409 -7.495060 1.507341 13.063455 0.474383 0.841585
Car -1 -1 -0.780155 210.768858 167.194486 392.406674 233.823594 1.488394 1.782533 4.366947 -7.715386 1.371124 18.252244 -1.180083 0.815487
Car -1 -1 1.072661 -32.155908 186.250944 257.196425 309.439218 1.348034 1.561562 3.833346 -7.257657 1.581748 10.264352 0.457204 0.589032
