Car -1 -1 -1.232087 115.065409 183.134218 425.876086 381.994475 1.472278 1.616140 3.850861 -3.131320 1.526607 7.375296 -1.633592 0.999976
Pedestrian -1 -1 -1.269060 -19.133914 172.806328 49.380646 284.404378 1.703112 0.605268 0.837282 -9.727848 1.586969 11.595033 -1.967114 0.996503
Pedestrian -1 -1 -1.101820 53.352599 180.081876 106.045220 278.886318 1.696898 0.491580 0.725950 -9.590973 1.708922 12.857234 -1.742730 0.991969
Car -1 -1 1.718869 459.402854 171.687472 492.601690 195.639018 1.496518 1.625991 4.570040 -9.043747 0.908068 49.899881 1.539577 0.986923
Pedestrian -1 -1 -1.228771 628.272203 151.776046 672.941552 245.075366 1.730095 0.677551 0.760683 0.826310 1.195345 13.635030 -1.168243 0.986091
Pedestrian -1 -1 0.952514 389.932240 155.790845 447.050076 265.952817 1.738647 0.579882 0.850213 -3.309692 1.377897 12.369120 0.691062 0.948672
Pedestrian -1 -1 0.412120 107.341154 177.171910 156.285212 263.857149 1.736855 0.604118 0.691041 -10.182684 1.722974 15.169042 -0.179070 0.858263
Pedestrian -1 -1 -1.965101 963.142108 145.157487 995.625145 200.291396 1.891831 0.590846 1.164312 13.471726 0.687621 25.469903 -1.478580 0.597308
Pedestrian -1 -1 -1.287935 922.562827 150.006359 951.323401 205.762023 1.725664 0.558467 1.142952 10.806208 0.766683 23.077061 -0.849995 0.596242
Pedestrian -1 -1 -0.523116 130.128318 179.497584 171.321170 248.985941 1.766524 0.647122 0.662853 -12.268565 1.785913 19.009154 -1.096252 0.544958
