Car -1 -1 -1.713654 728.739793 179.842285 834.512920 263.529369 1.497772 1.594595 3.573699 3.423954 1.663189 15.066450 -1.490192 0.999853
Car -1 -1 -2.315355 407.961388 178.490723 511.367100 223.165161 1.480914 1.621333 3.502819 -5.620059 1.727907 26.330078 -2.525646 0.999227
Car -1 -1 1.450756 681.127028 179.411460 723.250836 213.195552 1.437115 1.570069 3.393055 4.159613 1.773551 33.462643 1.574427 0.999199
Car -1 -1 -3.128915 301.288085 180.550566 464.793942 238.064320 1.458970 1.684570 4.331354 -6.487933 1.724426 20.750894 2.851241 0.999163
Car -1 -1 0.156469 138.024004 184.266276 414.712518 283.387092 1.458157 1.752462 4.091091 -5.434035 1.675018 12.114924 -0.265170 0.998061
Car -1 -1 0.059424 476.636955 178.782816 555.198613 212.965923 1.453417 1.748178 3.441370 -4.281523 1.767719 33.103839 -0.069198 0.994272
Car -1 -1 0.822907 508.348580 178.059915 578.023046 207.011267 1.396952 1.725850 3.542081 -3.468043 1.675272 37.337764 0.730290 0.992038
Car -1 -1 1.507549 653.311494 165.614384 683.539660 196.670012 1.769016 1.641678 3.506206 3.507104 1.352495 44.530205 1.586145 0.899521
Car -1 -1 -1.189860 562.929203 170.278879 598.951729 195.290362 1.638297 1.476457 3.329194 -2.099871 1.541412 51.810220 -1.230368 0.892498
Car -1 -1 1.447943 710.682920 177.079161 756.022471 219.723922 1.575371 1.462846 3.426037 5.147209 1.823870 30.639405 1.614382 0.666370
