Pedestrian -1 -1 0.141296 661.392699 147.512226 717.503766 289.589483 1.654789 0.580652 0.643730 1.045854 1.283943 9.094861 0.255787 0.999058
Pedestrian -1 -1 0.829961 606.004403 166.579089 664.874034 287.305966 1.630944 0.550271 0.652751 0.387882 1.465151 10.187974 0.868015 0.997807
Pedestrian -1 -1 1.898620 539.018324 142.424253 582.352729 235.172267 1.693694 0.626402 0.664928 -0.868862 0.982357 13.403869 1.833889 0.997222
Pedestrian -1 -1 1.183301 497.947067 136.736459 547.589787 232.174935 1.765944 0.674321 0.926299 -1.635242 0.945297 13.704430 1.064540 0.989657
Pedestrian -1 -1 1.164422 473.989932 137.644029 521.235635 225.469149 1.821823 0.681012 0.967278 -2.374833 0.905693 15.292389 1.010358 0.930703
Cyclist -1 -1 -2.088240 396.293016 144.501604 443.976599 211.501797 1.713552 0.604076 1.287682 -5.081904 0.790526 19.101099 -2.348270 0.901470
Pedestrian -1 -1 2.943915 464.038211 141.333793 500.719678 211.258904 1.806443 0.612443 0.843586 -3.290452 0.765590 18.711479 2.769843 0.819241
Cyclist -1 -1 2.181717 434.542725 146.750180 479.527666 210.363571 1.684789 0.651447 1.309564 -4.198612 0.791234 19.831139 1.973080 0.796205
Pedestrian -1 -1 2.523411 336.811389 148.806010 367.331300 196.987005 1.719262 0.625707 0.864029 -9.876613 0.533072 27.530632 2.178962 0.691739
Pedestrian -1 -1 -0.328349 233.812206 140.225106 290.163113 254.206423 1.709551 0.558547 0.723924 -5.897405 1.111023 12.060004 -0.783162 0.655427
Cyclist -1 -1 2.922933 361.244403 147.006326 405.185089 199.287605 1.679010 0.627001 1.229792 -7.519937 0.594474 23.756638 2.616372 0.583514
