Car -1 -1 -1.069846 942.712083 185.594276 1201.106606 321.675120 1.623855 1.635198 3.653695 6.401197 1.808586 10.149422 -0.507162 0.999821
Car -1 -1 -0.943615 1049.720354 165.256568 1626.175552 431.492684 1.574821 1.612551 3.786835 5.401395 1.530820 5.746504 -0.189164 0.999758
Car -1 -1 -1.005196 864.241762 184.883561 1074.925823 287.681704 1.503221 1.628707 3.854142 6.053963 1.723679 12.374801 -0.550212 0.999731
Car -1 -1 -1.665236 633.308399 179.366596 676.455177 213.380832 1.429829 1.630199 4.088901 2.010638 1.771307 33.884962 -1.605969 0.999653
Car -1 -1 -1.128364 201.639699 170.631828 390.451872 264.675267 1.575100 1.672447 3.632584 -5.936787 1.557705 13.770155 -1.535419 0.999584
Car -1 -1 0.803054 743.906803 178.177301 860.468261 225.171872 1.538014 1.766748 4.118220 6.797802 1.761322 25.879045 1.059927 0.997731
Car -1 -1 -2.357986 377.162850 180.643089 497.271546 225.194051 1.355402 1.707498 4.014196 -5.759544 1.647529 24.091052 -2.592655 0.997175
Car -1 -1 -2.703563 -248.585191 194.417804 241.758091 343.058922 1.453642 1.504675 3.667209 -6.480931 1.723079 7.957655 2.896146 0.995408
Car -1 -1 1.100820 789.882595 181.180548 954.226074 251.540868 1.502863 1.738117 4.636348 6.274407 1.753998 17.884456 1.438234 0.995229
Cyclist -1 -1 -1.750658 518.498749 174.136644 540.916033 217.329587 1.723265 0.614646 1.418466 -3.252368 1.766058 28.955004 -1.862514 0.722212
Car -1 -1 -1.251834 1025.674020 181.174565 1341.008971 386.934902 1.496033 1.553126 3.884636 5.471586 1.586823 7.049502 -0.591795 0.668517
Car -1 -1 -2.489702 286.519216 172.604731 435.565092 234.933352 1.584000 1.744130 3.310030 -6.521316 1.563302 18.854961 -2.822690 0.607170
