Pedestrian -1 -1 2.890691 588.727631 152.795605 639.001212 257.592662 1.649078 0.592209 0.717655 0.102658 1.192178 11.625148 2.899522 0.996814
Pedestrian -1 -1 0.477666 721.403910 149.350239 773.297400 245.201163 1.595942 0.466544 0.749207 2.459738 1.063806 12.407063 0.673381 0.996065
Pedestrian -1 -1 1.176396 519.925565 142.602051 561.219465 223.510127 1.710147 0.643862 0.756484 -1.464804 0.908212 15.481887 1.082062 0.992787
Pedestrian -1 -1 -1.234897 554.686166 155.539263 602.261723 259.500314 1.618369 0.595290 0.707662 -0.481541 1.198717 11.559880 -1.276529 0.992484
Pedestrian -1 -1 1.859700 470.141630 140.747504 505.573455 217.459689 1.830688 0.640039 0.841132 -2.872973 0.865492 17.159959 1.693816 0.987367
Cyclist -1 -1 -0.426353 345.040392 145.382592 398.708649 202.656038 1.745036 0.609351 1.401648 -7.575370 0.653231 22.821040 -0.746855 0.941622
Pedestrian -1 -1 2.241188 431.989695 142.494674 473.796336 214.940099 1.777985 0.635220 0.876431 -3.907125 0.834330 18.031392 2.027803 0.910621
Pedestrian -1 -1 1.868578 505.260477 142.217969 540.554664 215.032888 1.786737 0.667579 0.888910 -2.103357 0.817593 17.792475 1.750908 0.867821
Cyclist -1 -1 -0.186590 372.557598 145.535009 420.350361 198.163702 1.753670 0.571394 1.387939 -7.254020 0.600811 24.303791 -0.476645 0.796396
Pedestrian -1 -1 -1.916720 538.821434 144.704105 580.685541 235.589547 1.688271 0.608568 0.699864 -0.941986 1.029982 13.786452 -1.984941 0.787776
Pedestrian -1 -1 -0.163043 404.961462 144.596257 433.499330 195.273436 1.722160 0.605089 0.905065 -6.692576 0.469829 25.283304 -0.421811 0.536695
