Car -1 -1 1.671467 555.890125 178.141581 599.912745 214.085923 1.457018 1.624799 4.047987 -1.067064 1.339952 33.112756 1.639253 0.999813
Pedestrian -1 -1 1.460706 714.171582 168.073178 774.944398 303.044159 1.755528 0.679143 0.930330 1.933807 1.580654 9.927330 1.653093 0.997418
Pedestrian -1 -1 1.333641 394.775934 165.932558 441.628199 275.086531 1.647383 0.594740 0.612108 -2.905753 1.407536 11.239610 1.080652 0.997281
Pedestrian -1 -1 0.207212 860.751303 166.380560 919.101255 271.906131 1.803837 0.588986 0.881257 5.167714 1.546600 12.973204 0.586284 0.995999
Pedestrian -1 -1 0.177290 824.229921 166.156364 878.886247 269.223285 1.798679 0.612423 0.876098 4.646701 1.541408 13.456644 0.509780 0.995637
Pedestrian -1 -1 2.036416 681.347297 174.416065 727.486071 270.831827 1.735678 0.576161 0.853640 1.974137 1.626890 14.019820 2.176307 0.990498
Pedestrian -1 -1 -1.141597 769.775389 168.640702 806.589010 251.346999 1.741150 0.559754 0.683974 4.267428 1.508504 16.488259 -0.888339 0.985442
Pedestrian -1 -1 -1.355130 744.685383 165.534746 791.757659 273.702259 1.760397 0.648758 0.755317 2.931255 1.524598 12.681652 -1.127978 0.944783
Cyclist -1 -1 0.182677 -2.077473 186.603123 142.597209 294.773356 1.603486 0.520941 1.628165 -8.024030 1.693734 10.937848 -0.450247 0.934359
Pedestrian -1 -1 -2.441614 323.392315 170.201156 375.968218 266.082585 1.616098 0.415541 0.761510 -4.496212 1.449499 12.675826 -2.782476 0.870716
Cyclist -1 -1 1.926990 642.323519 170.011955 678.855768 243.757305 1.693573 0.575106 1.183697 1.385205 1.432309 17.490759 2.006022 0.655575
