Car -1 -1 -2.087553 523.353474 163.126471 796.825456 325.593143 1.672079 1.738706 4.081541 0.362163 1.565614 9.479448 -2.049367 0.999974
Car -1 -1 1.178232 856.200006 174.511962 972.262269 238.142970 1.435388 1.553222 3.730551 7.845203 1.518403 19.155166 1.566953 0.999855
Car -1 -1 -1.778396 249.176560 187.623750 320.074506 229.412503 1.394092 1.656649 3.634724 -12.463014 1.987419 27.243546 -2.207442 0.999827
Car -1 -1 -1.905880 369.152988 191.475269 498.066355 267.130818 1.412827 1.557885 3.650830 -4.078229 1.857403 15.922898 -2.156613 0.999812
Car -1 -1 -2.698178 430.844878 176.531203 530.877539 213.628502 1.559996 1.659427 3.727477 -5.891096 1.759871 32.466129 -2.877679 0.999598
Car -1 -1 1.705228 27.604892 189.922949 88.951915 226.306467 1.518797 1.698274 3.814989 -25.841811 2.355659 33.778599 1.052174 0.998454
Car -1 -1 -1.606199 212.197307 182.352582 241.270747 207.034486 1.494366 1.592078 3.618962 -25.375662 2.154096 47.634361 -2.095677 0.989315
Car -1 -1 1.254757 764.943124 173.780251 843.935742 224.554498 1.516032 1.592266 2.829988 6.097287 1.551159 23.012684 1.513759 0.981849
Car -1 -1 0.103261 940.928861 163.917980 1109.210408 223.013652 1.550641 1.494754 4.131162 12.042657 1.322557 21.124812 0.621383 0.974793
Car -1 -1 -2.079069 407.671958 183.149660 523.177507 240.732526 1.485932 1.760294 3.788398 -4.567091 1.853462 22.052288 -2.283285 0.867021
