Car -1 -1 -2.017360 628.923809 204.758057 902.611289 371.409569 1.454271 1.570878 3.854885 1.480530 1.882670 8.621431 -1.847293 0.999962
Car -1 -1 -1.820787 567.250466 203.835528 699.146488 297.815888 1.440524 1.543386 3.620726 0.243405 2.041226 13.354993 -1.802563 0.999880
Car -1 -1 1.721439 180.422747 214.525931 302.909497 304.949568 1.466691 1.670067 4.010825 -7.625228 2.431312 15.183103 1.256018 0.999785
Car -1 -1 -1.753333 502.457355 192.514579 595.629969 268.422496 1.583015 1.644943 3.578333 -1.655414 2.117486 17.801260 -1.846060 0.999481
Car -1 -1 1.898433 -66.600442 210.020704 253.814600 422.670143 1.473438 1.546730 3.621307 -5.066897 1.968697 7.592317 1.309943 0.999424
Car -1 -1 1.646033 283.912613 196.019098 353.707588 252.847322 1.519084 1.720387 4.030753 -9.009844 2.284570 22.462711 1.264577 0.998784
Car -1 -1 1.470548 340.463761 201.250088 380.065080 228.472071 1.414023 1.683886 4.136446 -15.040415 3.203044 43.549591 1.138010 0.981859
Car -1 -1 -1.706825 478.444479 197.865715 529.364599 238.934743 1.513297 1.661157 3.800383 -4.587803 2.605468 30.328705 -1.856956 0.847473
Car -1 -1 0.988430 912.870122 193.415141 1512.558127 539.297282 1.486208 1.528633 3.446933 3.397598 1.718232 5.097563 1.576327 0.656457
Car -1 -1 2.085502 755.762346 208.106657 1182.311400 528.115693 1.432795 1.494197 3.172641 2.264841 1.694879 4.787327 2.527391 0.614073
