Pedestrian -1 -1 -1.124511 440.914272 165.568652 494.798391 266.002856 1.785717 0.683876 0.917395 -2.563172 1.526869 13.598429 -1.310816 0.998031
Pedestrian -1 -1 0.069566 757.679284 151.757949 859.668434 360.275734 1.667901 0.649982 0.883364 1.778583 1.470226 6.398104 0.340706 0.997897
Pedestrian -1 -1 2.621081 1102.499230 148.887243 1185.911265 275.848229 1.723100 0.513829 0.773606 7.707026 1.286723 10.294469 -3.019464 0.993644
Car -1 -1 1.539406 544.963293 165.145330 580.711808 196.956362 1.547100 1.765733 3.651725 -2.115611 0.699265 39.271783 1.485587 0.992599
Pedestrian -1 -1 -1.323949 857.959244 152.856458 950.964590 357.880071 1.681580 0.633314 0.893761 2.654731 1.458311 6.458203 -0.933942 0.989903
Pedestrian -1 -1 -0.182411 129.562300 183.361062 213.407379 346.240938 1.670942 0.653049 0.685857 -5.012600 1.735331 8.256222 -0.728057 0.983009
Cyclist -1 -1 -1.121981 -33.770559 166.335926 135.511885 378.590937 1.717843 0.583263 1.612110 -5.022936 1.602925 6.607994 -1.771934 0.970974
Pedestrian -1 -1 1.923545 988.135528 146.479216 1042.413748 255.171264 1.671513 0.603582 0.538398 6.562785 1.120698 11.468354 2.443312 0.941794
Pedestrian -1 -1 1.898007 899.220078 153.461277 966.770155 299.683926 1.685720 0.626233 0.657855 4.198934 1.368882 9.216422 2.325502 0.936431
Pedestrian -1 -1 1.107099 685.465603 171.084148 721.028956 234.753764 1.621089 0.584434 1.040197 2.791575 1.385142 20.154970 1.244729 0.530721
Pedestrian -1 -1 2.566835 910.416999 162.235707 950.858154 247.242449 1.752674 0.564859 0.613328 7.296529 1.341726 16.007993 2.994506 0.504020
