Car -1 -1 -1.712435 701.835371 185.288530 801.488823 265.426263 1.529266 1.627770 3.870952 3.110145 1.865253 16.634428 -1.527599 0.999872
Car -1 -1 -2.531305 58.974131 190.587200 359.666270 294.543599 1.431028 1.699254 4.232500 -6.522957 1.761016 11.966694 -3.030372 0.999336
Car -1 -1 0.851532 335.295965 183.021767 466.679291 238.669263 1.446706 1.687300 3.610756 -6.064450 1.753559 20.744151 0.567113 0.999190
Car -1 -1 -0.397343 748.696130 178.357384 912.719680 238.212375 1.621701 1.760783 4.101776 6.337379 1.802882 20.964866 -0.103791 0.999023
Car -1 -1 -1.640964 634.876889 178.015823 664.969281 204.549998 1.529210 1.646956 4.017071 2.473523 1.922023 46.190497 -1.587465 0.998974
Car -1 -1 0.802126 184.206309 180.505414 433.656424 280.904646 1.474535 1.581719 3.991758 -5.123727 1.626716 12.169612 0.403626 0.998516
Car -1 -1 3.069458 394.556766 178.631068 500.357686 223.178985 1.472539 1.698563 3.790867 -5.981317 1.711650 26.195224 2.844971 0.998443
Car -1 -1 -2.214810 -157.449043 196.914992 219.003304 336.463539 1.438703 1.654914 3.671207 -6.994395 1.747005 8.716689 -2.891021 0.995507
Car -1 -1 0.953003 477.251615 179.898524 544.592384 209.991484 1.376830 1.564606 3.588876 -5.046268 1.754112 36.308983 0.814907 0.993387
Car -1 -1 1.290517 693.412559 178.004932 750.243493 211.633107 1.467426 1.669614 4.596181 5.608512 1.790174 37.008251 1.440920 0.692146
