Pedestrian -1 -1 0.061831 767.969580 157.011167 852.621795 344.769974 1.629002 0.561864 0.775840 1.877079 1.429428 6.611613 0.338459 0.998906
Pedestrian -1 -1 0.986297 694.325413 165.061581 786.336105 345.015444 1.576006 0.507855 0.762482 1.216327 1.454035 6.751932 1.164530 0.998144
Pedestrian -1 -1 2.961035 579.985786 140.569672 629.566045 241.328278 1.682353 0.694331 0.766540 -0.052723 1.005054 12.488652 2.956813 0.997829
Pedestrian -1 -1 0.099248 531.502558 138.935713 587.225067 245.830423 1.750196 0.656107 0.928850 -0.843271 1.036893 12.502261 0.031900 0.997772
Pedestrian -1 -1 1.191886 623.978607 142.547506 660.596933 224.138143 1.728532 0.558383 0.778285 0.777201 0.912067 15.501562 1.241981 0.995345
Pedestrian -1 -1 2.116893 507.164344 142.846802 563.718012 247.557386 1.801574 0.668581 0.932088 -1.325272 1.119146 13.050050 2.015687 0.990435
Pedestrian -1 -1 3.083262 470.924390 145.577450 503.750962 209.417542 1.743587 0.598518 0.889684 -3.374758 0.772848 20.059622 2.916586 0.965201
Pedestrian -1 -1 2.063287 495.986204 141.413209 532.198215 215.176662 1.848199 0.634177 0.873548 -2.377715 0.832539 18.044550 1.932272 0.939535
Cyclist -1 -1 1.033063 416.196050 147.471444 463.585244 211.971663 1.686738 0.597304 1.393425 -4.581208 0.810552 19.342987 0.800508 0.929116
Pedestrian -1 -1 0.971040 641.614860 143.675817 675.090335 211.372538 1.740499 0.512725 0.808568 1.402476 0.758491 19.326323 1.043481 0.792384
Cyclist -1 -1 3.110795 386.264867 146.106767 431.929412 200.692018 1.718111 0.582465 1.376689 -6.544343 0.619547 23.309247 2.837081 0.774472
Cyclist -1 -1 2.093301 450.856540 148.426281 491.650818 208.524834 1.643256 0.626834 1.308741 -3.936676 0.750766 20.630648 1.904751 0.717414
