Car -1 -1 -1.732365 694.221799 175.103896 810.489795 266.323579 1.524497 1.570706 3.545781 2.569202 1.572328 13.868626 -1.549189 0.999640
Car -1 -1 -1.674019 657.522722 176.432995 707.567318 217.770945 1.490782 1.563349 3.764295 2.847961 1.661804 29.017116 -1.576184 0.999592
Car -1 -1 -1.865904 849.592400 187.124410 1384.707165 536.842955 1.466183 1.677177 4.408518 2.995495 1.656555 5.507317 -1.367747 0.999581
Car -1 -1 3.062055 375.477745 173.388985 500.848456 226.834139 1.448509 1.616228 3.722005 -5.175934 1.492840 21.303575 2.823712 0.999209
Car -1 -1 0.900302 205.752832 177.592292 423.455543 271.344329 1.472728 1.749372 4.228054 -4.970642 1.552282 12.523648 0.522470 0.996556
Car -1 -1 1.471202 625.135333 170.405562 649.344303 193.315479 1.607749 1.485757 3.383969 1.949637 1.443049 53.716812 1.507481 0.953462
Car -1 -1 -2.105026 313.250110 171.663058 447.750798 234.720406 1.474006 1.696509 3.788051 -5.792238 1.442117 18.157780 -2.413817 0.895973
Car -1 -1 -0.955671 497.139243 170.954134 556.157233 198.028650 1.480636 1.698031 3.534186 -4.824739 1.386215 41.538856 -1.071303 0.785018
Car -1 -1 -2.232769 446.250123 171.753372 521.983367 206.070447 1.454248 1.668390 3.545351 -5.657149 1.458190 32.458567 -2.405324 0.764632
Car -1 -1 -0.917686 136.782920 185.325359 354.629541 313.836944 1.499374 1.434290 3.069797 -5.202634 1.758082 10.783186 -1.367217 0.564543
