Car -1 -1 1.683216 559.739293 178.231460 602.889329 213.937932 1.490426 1.622266 3.853285 -0.883134 1.374385 33.973458 1.657227 0.999651
Pedestrian -1 -1 1.318148 412.977223 167.635135 456.863837 266.195902 1.645267 0.626648 0.625493 -2.955387 1.416644 12.596126 1.087690 0.997581
Pedestrian -1 -1 -1.214268 802.991342 167.192837 841.319094 256.713554 1.810342 0.562493 0.766278 4.747496 1.527700 15.554591 -0.918033 0.997101
Pedestrian -1 -1 1.792595 702.986456 170.980227 758.550961 294.005339 1.748861 0.691081 0.866426 1.905972 1.586829 10.869798 1.966176 0.995214
Pedestrian -1 -1 1.928648 837.237301 166.973336 879.432580 257.983457 1.806191 0.589334 0.817816 5.441001 1.521439 15.285928 2.270612 0.990294
Pedestrian -1 -1 -0.106733 758.428228 173.369883 795.592201 257.917397 1.743821 0.637190 0.728202 3.835553 1.596613 15.872313 0.130372 0.983091
Pedestrian -1 -1 -1.372147 640.863331 169.498778 672.677221 242.353023 1.711299 0.592356 0.813373 1.299506 1.448935 17.481670 -1.297948 0.977415
Pedestrian -1 -1 0.062642 733.697779 164.501052 783.731216 281.478866 1.729648 0.680154 0.737858 2.447288 1.467903 11.362145 0.274791 0.969633
Pedestrian -1 -1 1.256559 679.125834 170.884724 728.607485 277.665274 1.779400 0.662401 0.865120 1.823519 1.617604 13.132858 1.394528 0.958659
Cyclist -1 -1 2.254063 -1.092833 188.151561 94.990845 286.028342 1.583476 0.413335 1.360306 -8.941068 1.679764 11.627192 1.598525 0.867375
Pedestrian -1 -1 1.232103 783.412901 170.202529 814.269442 241.995800 1.777988 0.566329 0.742303 5.058886 1.487213 18.581593 1.497913 0.716026
