Car -1 -1 -1.732740 666.240889 184.789800 739.888938 237.789526 1.353097 1.630649 3.708598 2.556824 1.736782 21.300332 -1.613275 0.999530
Car -1 -1 -0.857646 945.094303 179.880554 1459.447086 427.262563 1.571370 1.593674 3.540332 4.646557 1.649370 6.024268 -0.200647 0.999254
Car -1 -1 -0.048429 150.416764 177.635369 421.962493 270.355125 1.527409 1.576351 4.187855 -6.064157 1.633472 13.458124 -0.471777 0.996045
Car -1 -1 1.658249 550.069703 176.207226 582.966093 201.378560 1.401906 1.722184 3.838750 -2.701147 1.659347 44.977785 1.598266 0.991341
Car -1 -1 1.467157 634.127554 172.023498 663.803382 197.889079 1.623469 1.604484 3.886686 2.656373 1.625061 49.850976 1.520393 0.989032
Car -1 -1 0.727202 446.405162 175.719166 526.437553 206.564934 1.555276 1.667219 4.260069 -6.335393 1.720968 37.301159 0.558963 0.982586
Car -1 -1 -2.007822 -380.867383 190.822752 122.166357 459.530388 1.405808 1.543476 3.641069 -5.385911 1.593464 5.433478 -2.788824 0.825209
Car -1 -1 0.928827 -20.282402 202.616465 206.445915 295.967901 1.421475 1.670243 3.922337 -9.647619 2.051278 13.616902 0.312417 0.787436
Car -1 -1 -0.241783 298.683788 174.989180 447.870459 227.002915 1.431993 1.734964 3.965537 -7.315258 1.504530 22.123167 -0.561126 0.745571
Car -1 -1 0.967408 485.076064 175.826138 549.052656 203.759945 1.482643 1.712019 4.021609 -5.480663 1.703146 42.066378 0.837851 0.729287
