Car -1 -1 -1.884498 771.766095 181.938421 1022.617226 333.475690 1.471640 1.604647 3.776621 3.334860 1.614238 9.106205 -1.533448 0.999938
Car -1 -1 -1.770660 724.827127 180.369544 845.853367 269.734933 1.560748 1.648210 4.137187 3.430899 1.742352 15.162395 -1.548131 0.999904
Car -1 -1 1.913747 238.936521 194.135576 405.131816 283.158429 1.446880 1.768590 4.417532 -5.788818 1.948702 14.960839 1.544557 0.999893
Car -1 -1 1.340575 444.269185 186.389631 507.594568 225.218876 1.452405 1.589509 4.028512 -5.751213 2.075616 30.928635 1.156723 0.999840
Car -1 -1 2.250871 -212.879179 210.719017 211.376205 404.187746 1.513385 1.567500 3.651129 -6.279539 2.015197 8.010871 1.586039 0.999838
Car -1 -1 1.835294 361.941980 189.825256 456.538570 248.841923 1.455981 1.646408 4.034663 -5.709495 1.988291 20.885163 1.568439 0.999727
Car -1 -1 1.699592 679.345989 180.058485 741.710471 227.846471 1.542339 1.553817 3.454470 3.475904 1.816302 25.667888 1.834191 0.999586
Car -1 -1 1.371513 501.747381 180.743525 541.551487 207.346214 1.542055 1.643335 3.842847 -5.667506 2.089133 46.442854 1.250082 0.999236
Car -1 -1 2.417138 1002.910528 149.484140 1347.672364 258.919425 1.597185 1.670315 4.630571 9.064806 1.240390 11.895401 3.068302 0.989297
Car -1 -1 -1.697675 653.288097 180.613838 693.537560 212.839066 1.615192 1.733856 3.554936 3.277105 2.046399 38.682778 -1.613159 0.889248
Car -1 -1 -0.775005 969.438640 88.017273 1467.960108 295.263248 1.671025 1.696380 3.852357 5.778250 0.948859 7.241684 -0.101536 0.656574
