Pedestrian -1 -1 -0.960706 836.548948 146.737837 896.412561 270.287245 1.603358 0.472128 0.636585 3.497580 1.170135 9.568238 -0.610254 0.998309
Pedestrian -1 -1 2.120820 1005.537371 146.256762 1140.585557 372.801117 1.664216 0.576055 0.753087 3.777002 1.423086 5.763982 2.700896 0.997363
Pedestrian -1 -1 1.361643 508.990306 145.593662 549.066368 234.467500 1.673637 0.622341 0.751288 -1.525803 1.003267 13.684482 1.250603 0.996433
Pedestrian -1 -1 1.916298 472.043750 138.373359 508.175216 217.508034 1.802643 0.613506 0.793067 -2.743680 0.827546 16.677309 1.753242 0.993320
Pedestrian -1 -1 1.820731 544.952115 145.762659 583.887504 231.148288 1.668636 0.616053 0.817978 -0.861164 0.956258 14.351637 1.760798 0.991056
Pedestrian -1 -1 0.243267 423.779924 141.255942 467.046913 214.252998 1.770629 0.660762 0.958868 -4.084187 0.795025 17.918894 0.019169 0.869177
Cyclist -1 -1 -0.443469 351.896601 145.314293 397.739508 197.451684 1.796149 0.632195 1.313818 -8.177608 0.578942 24.930332 -0.760428 0.865070
Pedestrian -1 -1 -0.049162 450.979820 137.820212 486.819474 204.248254 1.850819 0.641123 1.003010 -4.038996 0.646788 20.788503 -0.241061 0.843979
Pedestrian -1 -1 0.021839 641.071804 142.506120 675.090754 206.786623 1.633680 0.538901 0.932959 1.424278 0.667178 19.409687 0.095088 0.828629
Cyclist -1 -1 -0.211683 375.984818 146.298252 421.621709 200.014926 1.752016 0.630037 1.246470 -6.954979 0.657921 23.546206 -0.498892 0.596513
Pedestrian -1 -1 -0.068831 403.395639 144.532216 440.577129 203.123856 1.770641 0.648481 1.094189 -5.820135 0.635039 22.348406 -0.323600 0.546191
