Car -1 -1 1.670953 563.950337 169.292003 600.384861 197.932971 1.443500 1.668662 3.848072 -1.015642 0.805592 40.344563 1.645784 0.999011
Pedestrian -1 -1 2.706109 376.310157 152.658481 492.656164 353.963437 1.874552 0.668179 0.935600 -1.717402 1.616704 7.176826 2.471228 0.998891
Pedestrian -1 -1 -0.205022 313.681677 161.451689 425.761129 401.706710 1.734055 0.615917 0.721647 -1.859059 1.603346 5.595832 -0.525772 0.995990
Pedestrian -1 -1 0.027030 675.441343 165.579965 709.802718 241.996160 1.753148 0.663043 0.869032 2.124397 1.370177 17.026223 0.151161 0.992726
Pedestrian -1 -1 0.019265 636.471720 156.802120 674.134188 242.779085 1.822259 0.671989 0.805755 1.149137 1.297346 15.759733 0.092052 0.988428
Pedestrian -1 -1 1.397853 702.990793 166.304307 731.723131 233.731109 1.752385 0.656131 0.802565 3.186056 1.348728 19.984089 1.555952 0.982359
Cyclist -1 -1 0.687327 851.628664 190.689425 1008.911376 329.016389 1.581415 0.574411 1.836271 4.045284 1.703098 9.130295 1.104396 0.970700
Pedestrian -1 -1 -0.119622 481.977302 164.771707 508.906600 219.466889 1.630160 0.555197 0.742909 -3.269763 1.149127 21.899460 -0.267835 0.942229
Cyclist -1 -1 0.251726 773.474565 188.076593 933.988725 308.857456 1.552702 0.660800 1.986985 3.616705 1.717855 10.367901 0.587365 0.859820
Pedestrian -1 -1 1.275411 625.886845 157.155397 656.722514 229.076319 1.803328 0.628710 0.765354 1.034765 1.193236 19.294316 1.328990 0.813198
Pedestrian -1 -1 1.850326 725.627957 161.192545 753.488570 225.444736 1.792416 0.663683 0.848221 4.135237 1.222358 21.738334 2.038307 0.628151
Pedestrian -1 -1 0.178741 747.381755 155.246426 777.544932 217.650569 1.836174 0.730135 0.903342 5.467292 1.052811 24.520800 0.398118 0.550141
