Car -1 -1 0.735007 365.899295 178.001464 487.180019 229.451083 1.532971 1.630715 3.489494 -6.081104 1.733149 23.416853 0.480930 0.999802
Car -1 -1 -1.674463 692.034177 182.674123 778.000213 251.541422 1.483634 1.675177 4.064308 3.054873 1.782119 18.436141 -1.510255 0.999793
Car -1 -1 -0.589658 736.915533 174.611717 877.172901 229.976858 1.591616 1.679996 4.135557 6.065661 1.669157 22.653428 -0.328036 0.999430
Car -1 -1 -0.040789 154.309789 185.523577 406.235316 276.265574 1.446520 1.657879 4.243081 -6.144374 1.725874 13.744546 -0.461179 0.999306
Car -1 -1 -1.620993 634.735525 174.694735 663.164468 200.216449 1.532726 1.709643 3.935719 2.520313 1.712536 48.142090 -1.568689 0.991263
Car -1 -1 -3.127291 424.466858 173.484758 520.557724 210.743498 1.524088 1.675071 4.001776 -6.076790 1.608186 31.798299 2.967067 0.985940
Car -1 -1 -0.877738 476.041613 177.144743 547.291824 207.410471 1.408234 1.621086 3.665269 -4.939224 1.633876 36.107014 -1.013688 0.980766
Car -1 -1 -2.247568 -237.364057 153.705695 179.801194 363.336711 1.816992 1.754538 3.780231 -6.736160 1.616021 7.912428 -2.952839 0.963154
Car -1 -1 -1.246277 59.108397 190.428799 280.287656 287.882756 1.473204 1.668662 3.948448 -7.906508 1.813889 12.860804 -1.797490 0.908621
Car -1 -1 0.694524 256.773355 181.238186 456.783243 257.890662 1.473900 1.627176 4.020033 -5.561771 1.675779 15.759068 0.355246 0.771396
Car -1 -1 0.305128 831.455119 193.469667 1453.117772 563.667869 1.474829 1.560474 3.323246 3.064391 1.674811 4.735816 0.879438 0.547091
