Car -1 -1 -1.869128 767.154517 199.655673 1040.324596 384.039841 1.525819 1.565866 3.580520 2.973541 1.862981 8.044378 -1.515063 0.999958
Car -1 -1 -1.133425 706.402335 191.953813 845.601709 290.897667 1.483349 1.570260 3.604812 2.815850 1.857400 13.121049 -0.922026 0.999935
Car -1 -1 1.948157 257.748916 181.878654 431.013556 266.502143 1.478419 1.690681 3.816893 -5.450266 1.687258 14.747101 1.594145 0.999829
Car -1 -1 -1.697699 642.489512 184.290632 683.634905 218.060274 1.521156 1.566336 3.455621 2.481958 2.115324 35.188615 -1.627283 0.999486
Car -1 -1 -1.699671 665.871811 187.422481 723.859481 234.746542 1.433955 1.510691 3.434836 2.695047 1.936672 24.167164 -1.588613 0.998993
Car -1 -1 0.263365 413.381777 179.430078 516.935569 217.890318 1.592415 1.693728 4.122135 -6.215935 1.883587 30.779966 0.064098 0.997592
Car -1 -1 0.578379 364.193367 186.163486 492.807690 231.354547 1.477561 1.638697 4.015044 -6.359485 1.963460 25.018099 0.329455 0.995535
Car -1 -1 0.786232 46.422550 185.294050 334.372049 303.066299 1.485555 1.670896 3.686764 -6.085438 1.685890 10.597112 0.264959 0.993921
Car -1 -1 2.939578 -429.636486 169.759552 258.264576 397.112630 1.664374 1.591953 3.972796 -5.559053 1.660080 6.270905 2.214281 0.975995
Car -1 -1 1.942979 507.078877 183.281924 553.177444 212.294994 1.627536 1.620466 3.441627 -4.935514 2.344264 44.363343 1.832183 0.633488
