Pedestrian -1 -1 -0.199936 846.961399 149.259055 979.190343 412.094553 1.737289 0.621645 0.752595 2.169778 1.553234 5.211598 0.194574 0.999162
Pedestrian -1 -1 -1.783333 487.080767 159.112388 552.045142 301.396662 1.652179 0.628784 0.761946 -1.054045 1.392562 8.791266 -1.902660 0.999101
Pedestrian -1 -1 -2.625106 698.904588 158.074316 774.696028 294.108782 1.752038 0.628902 0.807705 1.807490 1.462068 9.816711 -2.443021 0.998929
Pedestrian -1 -1 -0.262098 624.039473 155.244549 707.674956 322.828613 1.702965 0.683243 0.771429 0.647303 1.458841 7.824436 -0.179557 0.998671
Pedestrian -1 -1 0.393530 796.644844 162.333535 893.035066 341.669575 1.635383 0.592548 0.738245 2.335914 1.477767 7.059049 0.713098 0.998512
Pedestrian -1 -1 -1.111165 569.945279 162.697541 623.805350 270.636691 1.718912 0.633273 0.847393 -0.122828 1.427787 12.271755 -1.121173 0.996884
Pedestrian -1 -1 0.945301 610.915580 159.848968 669.196012 283.785893 1.705568 0.593876 0.658415 0.528805 1.440284 10.899777 0.993778 0.982509
Pedestrian -1 -1 -0.367554 552.485761 159.428903 579.200421 215.610987 1.619169 0.608595 0.653069 -1.120535 0.963931 22.110110 -0.418190 0.970279
Pedestrian -1 -1 -1.017722 666.707484 157.267616 737.010246 299.079953 1.787952 0.607181 0.723933 1.225489 1.442859 9.111585 -0.884026 0.899546
Pedestrian -1 -1 -1.343316 341.686650 158.647493 408.668543 283.052432 1.689939 0.673532 1.118307 -3.422192 1.402193 10.724944 -1.652190 0.723978
Pedestrian -1 -1 1.257005 619.840008 173.235493 653.447955 256.978238 1.733130 0.557709 0.560480 0.689496 1.502143 14.806796 1.303537 0.608936
