Car -1 -1 -1.650398 632.628974 177.132851 676.912777 213.410837 1.444175 1.639512 4.141494 1.886734 1.665050 32.005367 -1.591516 0.999802
Car -1 -1 -1.922707 872.097645 185.445064 1128.360166 299.473232 1.541028 1.650987 4.043888 5.951375 1.732452 11.203242 -1.434397 0.999744
Car -1 -1 2.154421 147.160765 170.398447 378.849525 272.473810 1.541085 1.663255 3.815893 -5.796410 1.511726 12.411752 1.717512 0.999645
Car -1 -1 -1.025702 965.532329 187.807715 1328.301477 335.834482 1.565866 1.685889 3.794227 6.337360 1.733386 8.556260 -0.388199 0.996717
Car -1 -1 1.068084 791.805303 182.173964 978.660403 255.561312 1.525092 1.801096 4.863981 6.119833 1.767632 16.806915 1.417287 0.992313
Car -1 -1 0.715171 368.629625 179.584905 492.916093 224.683774 1.358765 1.699424 4.033489 -5.872938 1.612587 23.771953 0.472968 0.990113
Car -1 -1 0.892412 751.591515 178.409043 871.101212 228.504852 1.522172 1.746885 4.058026 6.555067 1.728995 23.855337 1.160577 0.971291
Cyclist -1 -1 -1.694393 511.804245 169.278875 535.446934 219.677454 1.751763 0.607512 1.665773 -3.160513 1.665211 26.147615 -1.814681 0.940952
Car -1 -1 0.881603 264.204695 170.466505 418.843271 237.529722 1.592430 1.727859 3.617009 -6.725335 1.505676 17.954356 0.523201 0.938051
Car -1 -1 -1.109667 13.360778 188.964625 259.141655 307.287395 1.574682 1.583776 3.735678 -7.873574 1.895047 12.070614 -1.687652 0.867547
Car -1 -1 -2.416314 -366.501220 188.420930 236.774233 358.860300 1.454555 1.655327 4.013011 -6.348273 1.634950 6.984172 3.129133 0.862581
Car -1 -1 -0.873492 1110.939996 194.213994 1724.000430 460.049907 1.542286 1.566582 3.653302 6.132620 1.751345 5.890140 -0.067928 0.857092
