Car -1 -1 0.959813 191.094436 170.532289 392.022586 262.857424 1.565591 1.651579 4.022147 -6.227649 1.544335 14.004094 0.541373 0.999936
Car -1 -1 -1.878622 737.177295 182.203918 928.663038 311.991984 1.539138 1.576470 3.515370 2.995379 1.693131 10.523846 -1.601327 0.999904
Car -1 -1 -1.698687 671.945636 175.803734 740.796584 228.401417 1.408776 1.572909 3.611609 2.759801 1.512620 21.647922 -1.571885 0.999465
Car -1 -1 -1.630439 646.604415 169.958202 691.207574 208.436426 1.497061 1.638533 3.598368 2.424989 1.406208 30.629696 -1.551433 0.999328
Car -1 -1 -2.132838 40.069381 165.331908 309.146649 297.395380 1.743327 1.730670 3.751967 -6.696266 1.656291 10.949172 -2.681726 0.998457
Car -1 -1 0.374162 372.188965 166.368324 507.131415 212.729319 1.570026 1.755418 4.075197 -6.016816 1.347863 25.314814 0.140813 0.998210
Car -1 -1 1.046062 -287.688873 169.741493 273.032443 397.505445 1.465331 1.593675 3.942792 -5.035453 1.442033 5.811427 0.332081 0.992786
Car -1 -1 -2.087869 827.832328 189.006931 1429.850299 546.902340 1.524684 1.623397 3.680170 2.948215 1.700356 5.102268 -1.563914 0.960080
Car -1 -1 -0.758390 336.230866 173.439612 461.987963 224.472140 1.488847 1.692504 3.826900 -6.627330 1.520304 22.589938 -1.043758 0.932461
Car -1 -1 -1.329049 503.800471 169.657621 550.442280 199.648801 1.616242 1.765429 3.779262 -5.011056 1.504358 43.122693 -1.444735 0.745309
