Pedestrian -1 -1 2.565846 269.330467 159.409520 410.856717 407.419818 1.736499 0.637142 0.790779 -2.062058 1.602194 5.534263 2.209183 0.998881
Car -1 -1 1.521075 552.720455 171.859278 590.273284 201.111566 1.435733 1.624049 3.989500 -1.568258 0.951871 39.782342 1.481674 0.995628
Pedestrian -1 -1 -0.093568 703.058962 164.605919 733.839109 239.054940 1.761051 0.659405 0.688737 2.864714 1.356474 17.825829 0.065776 0.981173
Pedestrian -1 -1 0.022494 671.275751 162.064936 708.952492 249.587479 1.748411 0.676828 0.813026 1.774364 1.337448 14.860468 0.141333 0.979375
Pedestrian -1 -1 1.464069 634.071171 160.147964 671.707866 250.496741 1.792789 0.680174 0.997878 1.025406 1.366143 14.935330 1.532617 0.975495
Pedestrian -1 -1 1.861787 178.837382 161.500592 318.758171 470.349894 1.750455 0.638777 0.633668 -2.133597 1.640079 4.253789 1.396879 0.962364
Cyclist -1 -1 1.199121 793.650824 194.985012 933.167343 345.080475 1.555800 0.601405 1.905042 2.982020 1.691801 8.207606 1.547616 0.957524
Pedestrian -1 -1 -0.061551 462.443532 169.158542 488.093679 225.501237 1.638955 0.540038 0.696243 -3.730424 1.290822 21.020626 -0.237187 0.943308
Pedestrian -1 -1 -1.343571 611.235619 161.503251 640.482936 227.263474 1.754534 0.616666 1.036118 0.661793 1.196456 20.279293 -1.310949 0.923110
Car -1 -1 -1.547409 -198.374587 168.172362 209.150528 476.010307 1.650243 1.580660 3.478133 -4.203436 1.537233 5.209550 -2.226326 0.760132
Cyclist -1 -1 -2.756922 862.133576 193.186315 1105.381449 374.633161 1.532131 0.575663 1.829938 3.969084 1.761244 7.899927 -2.291340 0.657231
Pedestrian -1 -1 0.298167 716.630937 163.150697 742.920700 229.466798 1.811092 0.587203 0.596370 3.612700 1.297735 20.398914 0.473452 0.529976
Pedestrian -1 -1 0.731598 80.801315 144.386120 361.856949 537.072603 1.735083 0.702872 1.019515 -2.014489 1.533527 3.857341 0.250310 0.506525
