Pedestrian -1 -1 0.383023 715.569465 139.961940 786.274369 281.016970 1.756203 0.598671 0.774623 1.889115 1.257397 9.419094 0.580959 0.999255
Pedestrian -1 -1 2.116455 601.610587 142.038797 655.936778 252.290075 1.814916 0.672031 0.780325 0.387220 1.184769 12.704749 2.146924 0.998214
Pedestrian -1 -1 2.019477 569.241307 139.370244 624.683208 250.566156 1.820640 0.701900 0.868877 -0.187598 1.134561 12.626231 2.004620 0.997043
Pedestrian -1 -1 2.058648 646.932957 142.170286 718.033543 297.881689 1.838924 0.596368 0.807668 0.919897 1.375645 8.847202 2.162252 0.996538
Pedestrian -1 -1 -2.007266 458.905719 142.328842 516.223663 251.517385 1.778715 0.724425 0.880603 -2.076165 1.121242 12.336291 -2.174001 0.994322
Pedestrian -1 -1 -1.956347 527.878855 137.252500 578.212791 240.106204 1.856459 0.690999 0.850349 -1.036026 1.087345 13.455131 -2.033194 0.989534
Pedestrian -1 -1 -2.741287 490.441377 142.543814 540.723492 245.572222 1.768184 0.651466 0.750126 -1.685035 1.081391 12.903335 -2.871142 0.983371
Pedestrian -1 -1 2.935442 445.189427 143.648422 493.137861 228.460630 1.769425 0.641079 0.970576 -3.128889 0.984757 16.010505 2.742447 0.946790
Cyclist -1 -1 2.963134 384.060521 145.815270 424.626594 196.891371 1.766304 0.569165 1.227810 -7.236163 0.573929 25.236788 2.683895 0.795885
Pedestrian -1 -1 -2.648060 409.132168 143.910177 432.868464 187.299776 1.794458 0.563879 0.796441 -7.785562 0.288656 29.845161 -2.903238 0.710187
Pedestrian -1 -1 0.760329 316.968201 152.510846 342.922111 198.272839 1.713693 0.601640 0.645395 -10.838284 0.639278 27.804575 0.388644 0.671112
Cyclist -1 -1 -0.458084 352.023468 152.484389 394.714875 199.502173 1.725989 0.594849 1.235156 -8.986619 0.688980 27.137799 -0.777866 0.608848
