Car -1 -1 -0.911228 851.095330 186.670753 1041.557335 280.927014 1.519674 1.628457 3.493616 6.030798 1.788689 13.293522 -0.485331 0.999944
Car -1 -1 -1.017953 910.603839 184.963425 1140.041691 302.122285 1.613775 1.661938 3.551872 6.633449 1.838572 11.648809 -0.500298 0.999181
Car -1 -1 0.634678 -82.034329 191.933263 272.278139 319.156941 1.410203 1.602268 3.402518 -6.358553 1.689169 9.117291 0.025688 0.998606
Car -1 -1 0.013450 734.477654 180.218936 852.465560 227.623215 1.530122 1.730592 3.892985 6.358108 1.818888 25.317466 0.259497 0.998386
Car -1 -1 -2.227321 230.459265 175.700156 402.108856 258.162386 1.593990 1.724740 3.811049 -6.289860 1.664950 15.603328 -2.610506 0.998143
Car -1 -1 -1.634820 634.398337 181.651410 675.651992 216.070525 1.440422 1.660136 3.952987 1.999372 1.899931 33.671382 -1.575511 0.997814
Car -1 -1 0.788678 391.443123 183.415152 505.345794 225.787941 1.373651 1.692178 4.102815 -5.774153 1.781987 25.769952 0.568254 0.997441
Car -1 -1 2.194030 782.284949 184.853292 925.331344 248.988234 1.502302 1.756521 4.317083 6.333080 1.875902 19.252728 2.511826 0.989980
Car -1 -1 -0.795383 1023.982409 173.983363 1656.770902 391.701916 1.600585 1.696660 4.164901 6.241813 1.643800 6.577512 -0.036165 0.987448
Car -1 -1 -2.322431 -279.863045 190.541393 167.268105 370.062987 1.545650 1.532755 3.539088 -6.411987 1.750497 7.242140 -3.047105 0.792591
