Car -1 -1 -2.107175 580.488141 161.195487 890.382193 341.916968 1.673084 1.766278 4.180994 1.168890 1.545179 8.674256 -1.973228 0.999947
Car -1 -1 -1.454152 315.117793 185.315069 379.243936 226.059690 1.393743 1.673064 3.704277 -10.291916 1.916163 27.939202 -1.807096 0.999878
Car -1 -1 -1.893420 426.657691 189.603681 555.374806 268.464310 1.405755 1.566255 3.606990 -2.723713 1.799660 15.372361 -2.068782 0.999864
Car -1 -1 -0.438313 488.275413 173.084245 587.387230 213.979136 1.588330 1.654621 3.629019 -3.059013 1.616621 30.176148 -0.539340 0.999536
Car -1 -1 1.151796 943.509676 169.446103 1085.611270 240.185610 1.457908 1.556700 3.615361 9.359152 1.403435 17.089299 1.652842 0.999395
Car -1 -1 1.341589 109.755237 188.163527 167.730331 222.897429 1.488180 1.649417 3.582551 -22.216218 2.247866 34.043294 0.763397 0.999374
Car -1 -1 -1.990579 817.272512 169.725181 928.603518 224.380514 1.549122 1.603924 3.465055 7.825700 1.462253 21.552407 -1.642281 0.997704
Car -1 -1 -1.631970 282.562583 180.223403 311.044155 204.274559 1.492423 1.566745 3.493649 -21.441991 2.052825 49.240138 -2.042665 0.975825
Car -1 -1 -0.365783 1057.173247 159.783679 1237.454294 216.785266 1.594633 1.490643 4.031797 16.117489 1.228588 21.848659 0.269792 0.854625
Car -1 -1 1.154649 905.257268 174.741617 997.649639 217.668491 1.428019 1.618540 3.514521 12.869552 1.522491 27.228338 1.596181 0.762134
Car -1 -1 1.109717 -159.069670 198.439639 72.330629 335.907457 1.470431 1.380607 3.063517 -9.135985 1.939539 10.182018 0.378414 0.727981
