Pedestrian -1 -1 -1.307917 677.353649 138.861346 744.520195 294.377758 1.792596 0.659350 0.719810 1.236075 1.310316 8.579443 -1.164827 0.999408
Pedestrian -1 -1 2.011289 829.690957 150.705463 898.908654 298.211245 1.690652 0.581668 0.653713 3.090186 1.355068 8.577282 2.357088 0.998982
Pedestrian -1 -1 -0.270367 625.176064 138.399857 690.897696 274.208514 1.868672 0.616844 0.838288 0.731490 1.305541 10.444718 -0.200446 0.998982
Pedestrian -1 -1 2.374634 742.210913 144.638813 813.904110 293.869183 1.755254 0.599363 0.598234 2.081368 1.340344 8.707164 2.609272 0.998370
Pedestrian -1 -1 1.409467 489.760712 138.508128 551.891204 293.230321 1.798594 0.665966 0.857383 -1.090427 1.307897 8.771819 1.285792 0.997788
Pedestrian -1 -1 2.014010 528.030273 141.506816 592.986713 287.419215 1.818855 0.630293 0.821590 -0.663498 1.340842 9.887118 1.947003 0.997609
Pedestrian -1 -1 1.228987 901.647720 147.614413 967.616622 292.221400 1.790178 0.538584 0.755038 4.327226 1.383167 9.384010 1.661056 0.995798
Pedestrian -1 -1 1.067119 997.560474 136.587833 1150.296970 399.277617 1.697217 0.603586 0.772293 3.281034 1.406986 5.078852 1.640691 0.995722
Pedestrian -1 -1 -1.171214 561.767335 137.870645 624.212821 277.852907 1.862800 0.650155 0.843692 -0.218512 1.296149 10.241606 -1.192547 0.992315
Pedestrian -1 -1 1.252064 925.249513 136.536110 1092.248697 481.165482 1.811655 0.632420 0.767983 2.173810 1.573909 3.945291 1.755666 0.983154
Pedestrian -1 -1 -0.316802 592.008062 138.959752 652.464345 279.114584 1.867023 0.632471 0.718264 0.197868 1.325653 10.171586 -0.297351 0.979148
Pedestrian -1 -1 2.016595 469.253837 141.498043 513.922140 235.144908 1.796576 0.637097 0.805037 -2.361030 1.026484 14.441515 1.854540 0.975262
Cyclist -1 -1 -0.371469 332.433157 149.015994 386.155925 201.715136 1.772613 0.555961 1.415443 -8.623563 0.702665 24.590988 -0.708749 0.949967
