Pedestrian -1 -1 2.051927 596.608697 138.233988 644.534459 234.839073 1.725416 0.585593 0.837857 0.256055 0.953241 13.302969 2.071173 0.998822
Pedestrian -1 -1 0.724300 802.214982 139.008099 930.059492 378.703711 1.773520 0.629609 0.699488 2.053765 1.466485 5.711771 1.069472 0.998424
Pedestrian -1 -1 0.746433 875.278397 127.699032 1007.092655 358.867698 1.740061 0.567226 0.686296 2.626520 1.335120 5.666839 1.180448 0.997426
Pedestrian -1 -1 1.188579 557.727946 138.768216 608.196114 239.854245 1.775960 0.661226 0.920866 -0.447375 1.031390 13.121006 1.154496 0.997299
Pedestrian -1 -1 -2.873901 515.526826 142.349843 559.651813 226.912814 1.765125 0.674602 0.828491 -1.523730 0.957055 15.590600 -2.971325 0.996023
Pedestrian -1 -1 1.005318 482.278907 140.295008 524.277885 223.449537 1.817667 0.646371 0.752472 -2.356142 0.929817 16.101372 0.860017 0.993572
Pedestrian -1 -1 1.036645 464.304899 142.644376 500.977082 220.005680 1.812760 0.602218 0.679213 -2.926182 0.913043 16.704891 0.863235 0.984106
Pedestrian -1 -1 2.143974 431.268687 145.596508 473.936589 220.334652 1.762781 0.649644 0.820254 -3.618201 0.937135 16.606238 1.929445 0.948801
Pedestrian -1 -1 1.192186 539.449285 140.702160 581.731649 225.635109 1.806950 0.657066 0.924073 -1.042593 0.935831 15.885891 1.126650 0.901942
Pedestrian -1 -1 1.855847 683.440413 147.443017 709.497116 207.810017 1.644215 0.518197 0.876675 2.597886 0.729263 20.291036 1.983186 0.695036
Pedestrian -1 -1 -0.940907 264.006498 142.482002 320.510783 242.396540 1.777016 0.481405 1.182216 -6.242332 1.118283 13.979730 -1.360870 0.574998
Pedestrian -1 -1 0.701657 315.105037 152.539004 342.070203 195.768939 1.664863 0.603026 0.736832 -11.366632 0.547408 29.029172 0.328448 0.501124
