Car -1 -1 -1.726672 695.221805 184.104118 789.127213 257.315561 1.483129 1.640491 3.805984 3.014548 1.796557 17.373232 -1.554866 0.999797
Car -1 -1 0.681625 737.604660 176.368152 889.102532 235.155783 1.574992 1.779183 4.154381 5.861324 1.705452 21.281327 0.950382 0.999599
Car -1 -1 -2.254331 355.090146 180.330370 475.286944 234.178263 1.502965 1.652937 3.590647 -6.128668 1.772975 22.322784 -2.522277 0.999586
Car -1 -1 -3.062329 111.536749 190.314072 379.619517 286.498956 1.435820 1.693060 4.139599 -6.390883 1.781401 12.867925 2.759891 0.999293
Car -1 -1 -1.623939 635.084293 177.020829 664.185803 202.974389 1.499056 1.621577 3.980200 2.460541 1.818381 46.264541 -1.570805 0.998691
Car -1 -1 -2.232748 407.484474 178.383490 504.235577 218.777100 1.459863 1.745677 3.836928 -6.261233 1.743480 28.814426 -2.446717 0.989965
Car -1 -1 -2.128802 -8.674606 189.241636 257.754121 312.798769 1.476373 1.573422 3.543305 -7.141868 1.749628 10.539163 -2.724370 0.986821
Car -1 -1 0.819277 477.490673 178.878341 547.447846 207.452172 1.436068 1.667166 3.710472 -5.282116 1.767498 38.747786 0.683792 0.980770
Car -1 -1 0.876468 223.553197 182.230509 441.425918 270.076231 1.451775 1.644829 4.100822 -5.259036 1.639956 13.559271 0.506474 0.939230
Car -1 -1 1.275677 1004.504660 202.182559 1615.703499 534.935988 1.472433 1.476015 3.687631 4.553175 1.784006 5.236526 1.991385 0.543100
