Car -1 -1 1.760030 475.565398 171.170973 523.683956 206.189473 1.671782 1.645448 4.290217 -5.119944 1.138569 36.640691 1.621196 0.997741
Pedestrian -1 -1 -1.701424 595.017055 158.915372 671.099486 317.806952 1.683448 0.732611 0.902535 0.289170 1.427943 8.064175 -1.665580 0.997023
Cyclist -1 -1 1.355073 383.346940 164.688529 458.875803 304.284424 1.755089 0.543460 1.887175 -2.624923 1.564155 10.405730 1.107971 0.992279
Cyclist -1 -1 1.201344 90.203462 147.962102 332.908066 491.471989 1.668481 0.540502 1.757721 -2.388941 1.470196 4.342549 0.698406 0.983480
Cyclist -1 -1 1.905936 414.155570 165.382629 480.269937 269.653038 1.755518 0.638390 1.904202 -2.899619 1.489279 13.518194 1.694641 0.951191
Pedestrian -1 -1 2.572816 709.702647 163.382569 748.674662 244.875968 1.835676 0.622223 0.720865 3.058982 1.449647 17.445864 2.746392 0.941765
Pedestrian -1 -1 0.016920 181.464363 164.369462 299.563920 386.894677 1.796321 0.569507 0.849871 -3.095360 1.671283 6.091215 -0.453241 0.914491
Pedestrian -1 -1 -1.458386 662.318509 158.781249 727.746766 300.934658 1.712047 0.781680 1.182898 1.215467 1.434908 9.659715 -1.333216 0.834748
Cyclist -1 -1 0.941572 54.234025 156.386883 219.303321 364.044540 1.742645 0.605210 1.530338 -4.511363 1.565816 6.944476 0.365454 0.574014
Pedestrian -1 -1 0.615468 729.264165 164.285895 756.583049 227.259101 1.760144 0.619987 0.503510 4.059968 1.250223 20.737739 0.808799 0.566141
Pedestrian -1 -1 1.240437 695.460509 162.100368 760.906645 286.163638 1.729208 0.599125 1.222984 1.808702 1.431061 10.553572 1.410171 0.552347
Pedestrian -1 -1 0.935029 709.467500 161.522425 732.829614 215.282859 1.807009 0.645946 0.493513 4.205993 1.136098 25.493689 1.098538 0.540945
