Car -1 -1 -0.806439 186.508640 180.110462 411.850680 272.316227 1.467092 1.637561 4.015482 -5.665624 1.630841 13.445539 -1.205236 0.999931
Car -1 -1 -0.496185 899.367368 191.846062 1176.816723 294.191148 1.462971 1.531608 3.665213 6.839416 1.803594 11.886235 0.025955 0.999054
Car -1 -1 -1.646758 637.810055 180.274389 674.514956 209.857803 1.381053 1.591008 3.929063 2.301857 1.797606 37.336721 -1.585184 0.998917
Car -1 -1 -0.355149 717.265014 180.064675 862.653249 231.071970 1.520706 1.644460 3.952946 5.636784 1.762567 22.843643 -0.113227 0.998502
Car -1 -1 -0.187478 301.509589 174.324890 449.813441 232.076461 1.466530 1.588114 3.755677 -6.726398 1.532722 20.561492 -0.503640 0.997262
Car -1 -1 -2.287295 410.321456 175.866315 513.111251 214.334252 1.495503 1.746828 4.187449 -6.296752 1.639950 29.978489 -2.494328 0.996615
Car -1 -1 -0.884047 848.428189 186.359910 1017.300269 264.826193 1.527414 1.637618 3.447108 7.107943 1.871313 16.010557 -0.466233 0.978611
Car -1 -1 -2.281806 -5.435596 186.600566 339.168769 326.542823 1.449249 1.611768 3.781120 -5.462718 1.644592 8.917067 -2.831449 0.920105
Car -1 -1 2.077529 530.790888 171.791714 583.867220 196.209791 1.471297 1.718337 4.116252 -3.448094 1.461630 47.619824 2.005246 0.883988
Car -1 -1 -0.882398 364.884390 179.083483 477.462936 223.575544 1.444525 1.676529 4.158705 -6.588053 1.686609 25.196546 -1.138139 0.845514
