Car -1 -1 -1.835485 715.410683 169.917812 912.437412 320.371700 1.602011 1.555067 3.509079 2.416119 1.577131 9.524077 -1.587041 0.999904
Car -1 -1 -2.406903 59.061429 190.387872 345.411836 304.011245 1.519240 1.591145 3.647511 -6.528206 1.836158 11.428767 -2.925883 0.999622
Car -1 -1 -1.739122 688.421754 184.153419 778.857468 252.353155 1.457468 1.608990 3.520450 2.949368 1.782984 17.971116 -1.576455 0.999227
Car -1 -1 0.578700 -178.880710 198.008144 313.634096 345.065455 1.519093 1.675119 4.110771 -6.059376 1.803920 8.268379 -0.053726 0.998214
Car -1 -1 1.425213 645.707830 175.554069 684.542873 207.994953 1.606284 1.555405 3.692482 2.966018 1.787704 39.612219 1.499950 0.995141
Car -1 -1 1.466849 661.486308 176.130968 709.189254 217.080861 1.512052 1.528177 3.779881 2.965715 1.679259 29.268280 1.567833 0.989760
Car -1 -1 -1.135945 394.361455 178.167784 486.278382 229.358011 1.460405 1.683334 3.117240 -5.318303 1.660619 22.826473 -1.364850 0.985465
Car -1 -1 1.008078 464.384671 177.202021 529.293619 210.620917 1.457078 1.637009 3.131142 -5.249941 1.693877 33.375297 0.852056 0.946044
Car -1 -1 -1.066237 430.576593 175.897802 506.903815 214.136934 1.491188 1.656638 3.584362 -5.955076 1.677543 30.658696 -1.258086 0.676184
Car -1 -1 1.201183 269.728848 200.229442 378.059557 255.416688 1.349847 1.771968 4.037533 -8.715500 2.239712 21.827356 0.821286 0.580485
