Pedestrian -1 -1 -2.812842 994.641590 152.292882 1086.232840 305.841453 1.713015 0.570458 0.775880 5.090787 1.381367 8.415251 -2.268793 0.996634
Pedestrian -1 -1 -2.168187 122.178971 166.164485 248.354188 361.965667 1.737060 0.559567 0.970360 -4.004712 1.590628 6.803631 -2.700192 0.995419
Pedestrian -1 -1 0.282262 499.654438 159.081882 533.100979 232.671788 1.749192 0.597362 0.700552 -2.102763 1.218093 17.615004 0.163451 0.972453
Pedestrian -1 -1 1.777580 546.910402 156.556658 571.800648 225.048118 1.776178 0.575905 0.735486 -1.210150 1.125302 20.001311 1.717151 0.972008
Pedestrian -1 -1 -0.025650 578.666899 156.380912 605.526249 237.218019 1.889506 0.676422 1.028139 -0.281758 1.296546 17.998466 -0.041303 0.958368
Pedestrian -1 -1 -0.660329 -150.694893 181.802621 120.558032 524.258238 1.598003 0.614971 1.037119 -3.545996 1.702572 4.162760 -1.365889 0.919981
Cyclist -1 -1 2.291238 693.807566 151.179592 759.628059 241.847763 1.768721 0.464156 1.759789 2.457553 1.159412 14.725190 2.456609 0.909653
Pedestrian -1 -1 2.711619 611.614735 158.647367 633.228116 210.673575 1.777377 0.648703 0.607003 0.702872 0.988909 25.782818 2.738874 0.834863
Cyclist -1 -1 1.868711 386.899372 166.943703 466.887964 303.716063 1.691101 0.546143 1.660638 -2.358392 1.498490 9.621301 1.628329 0.800397
Pedestrian -1 -1 1.155515 681.995994 158.125604 703.094000 203.701113 1.862038 0.615855 0.951718 3.805693 0.892602 30.444416 1.279874 0.676519
Pedestrian -1 -1 1.115190 808.585923 156.089178 851.815478 252.027136 1.772885 0.443101 0.990785 4.585506 1.315317 14.538882 1.420711 0.575540
