Car -1 -1 -1.874503 694.152468 176.291022 800.267189 237.920235 1.494294 1.741800 4.088815 3.671534 1.617881 20.179985 -1.694532 0.999938
Car -1 -1 1.910087 272.029030 195.850797 409.578450 272.505796 1.443632 1.727785 4.273160 -6.232501 2.053316 17.124899 1.561045 0.999912
Car -1 -1 2.033187 61.576957 200.288002 312.385935 339.522373 1.471112 1.558705 3.496937 -5.646941 1.918924 10.053752 1.521425 0.999882
Car -1 -1 1.899250 386.878388 189.051087 477.386926 241.160210 1.459518 1.696707 4.076903 -5.851203 2.053166 23.985690 1.659978 0.999698
Car -1 -1 1.411602 447.014853 185.878612 501.246602 224.515711 1.514130 1.507551 3.732730 -5.920040 2.130183 31.712094 1.227046 0.999246
Car -1 -1 -1.769776 655.448142 178.436169 707.647836 213.830826 1.479040 1.591169 3.915000 3.226819 1.757784 33.266243 -1.673078 0.998100
Car -1 -1 -2.953231 890.276323 150.427008 1068.001307 216.069536 1.692270 1.724738 3.977546 10.330097 1.091511 20.189529 -2.480302 0.996906
Car -1 -1 -3.008706 1002.737432 133.720287 1311.186006 229.298472 1.668291 1.734140 4.433717 10.028780 0.968421 13.503689 -2.369913 0.994325
Car -1 -1 2.265942 842.796680 155.404730 989.172875 211.606960 1.523063 1.738933 3.953582 9.014651 1.052204 21.202572 2.667955 0.987259
Car -1 -1 2.091168 972.535519 143.257120 1157.320567 219.735463 1.648560 1.793178 4.099922 11.410330 0.960616 17.869707 2.659437 0.981591
Car -1 -1 1.392926 485.690214 185.857931 527.320258 214.085396 1.492445 1.669059 3.806709 -6.155879 2.319936 42.935342 1.250521 0.978962
Car -1 -1 1.447246 519.494084 179.430430 552.065576 204.390082 1.629886 1.645731 3.822419 -5.221534 2.161279 51.127654 1.345471 0.867445
Car -1 -1 -1.816742 671.288294 178.628656 736.875073 221.305303 1.463800 1.629524 3.828261 3.516506 1.730752 27.847190 -1.691128 0.777106
