Pedestrian -1 -1 1.150942 349.067592 158.081732 433.741799 323.330093 1.849759 0.577048 1.091079 -2.508686 1.580467 8.415493 0.861227 0.998376
Pedestrian -1 -1 1.235111 586.698422 160.931429 652.696008 291.930124 1.782406 0.690229 0.959125 0.216045 1.508282 10.425905 1.255830 0.997595
Pedestrian -1 -1 -0.909996 804.521924 133.869791 925.296075 329.154764 1.854057 0.654871 1.070396 2.670669 1.399682 7.407679 -0.563974 0.992828
Pedestrian -1 -1 -1.924567 19.084728 149.933657 105.453067 313.191460 1.758676 0.541537 0.791803 -6.063416 1.391387 8.025838 -2.571570 0.990502
Cyclist -1 -1 1.444691 443.981841 171.471312 508.383890 299.729713 1.756458 0.617505 1.855888 -1.910145 1.631189 10.847307 1.270384 0.986171
Pedestrian -1 -1 0.132585 551.981601 168.514918 577.631434 226.016784 1.738363 0.692228 0.747939 -1.187970 1.318002 22.589693 0.080044 0.981202
Pedestrian -1 -1 1.327605 574.156582 169.062758 599.959592 230.169046 1.814318 0.602862 0.794811 -0.467875 1.407468 21.648245 1.305995 0.978677
Pedestrian -1 -1 2.498150 308.717252 188.591233 359.589673 289.536098 1.616339 0.463411 0.604459 -4.551097 1.710187 12.121554 2.138981 0.865585
Pedestrian -1 -1 -0.304355 575.662837 164.774817 621.914430 258.740518 1.809887 0.691866 0.908401 -0.129092 1.578014 15.848195 -0.312501 0.702023
Pedestrian -1 -1 -0.053793 779.517391 160.129029 803.661003 215.440897 1.694142 0.483173 0.698789 6.003923 0.995126 22.835300 0.203311 0.558515
Pedestrian -1 -1 -0.202546 950.007964 166.342632 1036.498313 325.989496 1.730724 0.707005 0.736717 4.441016 1.576338 8.290029 0.289256 0.513910
