Pedestrian -1 -1 0.297288 798.164856 135.718128 888.286963 320.720892 1.690550 0.548644 0.729662 2.312602 1.281204 7.021613 0.615453 0.999122
Pedestrian -1 -1 0.670264 639.269165 143.569908 699.969405 263.432881 1.744956 0.614498 0.714433 0.983590 1.212030 11.187217 0.757959 0.999003
Pedestrian -1 -1 -1.954135 604.589457 140.561646 661.225659 264.643364 1.757301 0.636185 0.769259 0.380660 1.172924 10.707791 -1.918601 0.998049
Pedestrian -1 -1 0.393460 701.062239 144.955787 798.690242 342.492899 1.829972 0.631141 0.775397 1.354433 1.490867 6.895939 0.587401 0.997411
Pedestrian -1 -1 1.223812 466.829015 140.316735 528.168465 264.949398 1.800121 0.713452 0.857683 -1.708545 1.193580 10.957436 1.069132 0.996621
Pedestrian -1 -1 0.265683 558.925294 140.090999 613.256567 253.502786 1.827254 0.641714 0.811684 -0.370796 1.183690 12.201126 0.235302 0.995701
Pedestrian -1 -1 0.420521 515.622935 139.762248 576.509927 252.802149 1.875203 0.650453 0.894995 -1.086368 1.167817 12.597164 0.334495 0.993380
Pedestrian -1 -1 3.095631 768.220011 144.136021 819.429704 259.121606 1.725041 0.522217 0.783244 3.065921 1.168755 11.668562 -2.930612 0.986635
Pedestrian -1 -1 1.006850 449.262682 144.937858 488.009097 222.491138 1.739360 0.558693 0.773010 -3.252415 0.934233 16.619774 0.813597 0.976970
Pedestrian -1 -1 0.967334 741.629299 125.045084 832.696202 333.481114 1.818657 0.536229 0.613903 1.636558 1.313835 6.678463 1.207648 0.882748
Cyclist -1 -1 0.444630 380.823749 145.886542 422.220038 196.473256 1.745047 0.589503 1.202776 -7.263974 0.537811 25.048716 0.162378 0.766684
Pedestrian -1 -1 0.757430 313.072373 151.883180 341.394796 197.951282 1.682561 0.648201 0.703649 -10.741898 0.598279 27.312198 0.382712 0.591584
Pedestrian -1 -1 2.383522 664.952952 148.602570 703.855674 232.289272 1.699105 0.503613 0.533890 1.686866 1.067386 15.457375 2.492223 0.557203
Pedestrian -1 -1 2.960792 270.183478 147.997362 322.350321 234.894785 1.770566 0.648715 0.966418 -7.018136 1.064917 15.957082 2.546441 0.500575
