Car -1 -1 -1.819528 771.629346 183.866516 973.398296 328.228839 1.553816 1.609310 3.795062 3.261134 1.721949 9.864440 -1.500244 0.999949
Car -1 -1 -1.741903 725.273754 177.877147 838.122259 268.215986 1.581186 1.568448 3.929568 3.307628 1.705293 14.720551 -1.520879 0.999694
Car -1 -1 -0.055512 429.586889 179.245330 526.860795 221.917524 1.466480 1.690538 3.369849 -4.845998 1.714977 26.140214 -0.238816 0.999412
Car -1 -1 -1.500565 678.917720 180.160216 734.293967 222.861500 1.406974 1.502561 3.528002 3.408316 1.706644 26.448500 -1.372405 0.999350
Car -1 -1 -2.744937 125.858943 183.339941 388.940428 270.352767 1.503116 1.631587 4.002926 -6.508038 1.718585 13.616056 3.092381 0.999206
Car -1 -1 2.770595 290.787352 180.581099 454.276068 241.769477 1.502846 1.617180 3.991333 -6.598104 1.757833 20.119848 2.453706 0.999198
Car -1 -1 0.973739 -322.217390 185.632283 323.196920 389.065603 1.533201 1.687208 4.228613 -5.226668 1.626978 6.014403 0.258303 0.997438
Car -1 -1 0.786525 480.561202 177.765275 559.202917 207.469043 1.401798 1.664288 3.942506 -4.639421 1.659895 36.610320 0.660473 0.996706
Car -1 -1 -3.132702 372.103804 180.479414 495.904343 232.042888 1.494938 1.653089 3.553831 -5.445895 1.741244 22.270911 2.910660 0.992100
Car -1 -1 2.025856 537.300028 170.849656 582.563875 196.639406 1.613293 1.641294 3.784711 -3.435937 1.546079 49.160476 1.956077 0.904234
Car -1 -1 1.494838 644.215545 164.139715 675.985437 198.710494 1.767082 1.608822 3.312671 2.673362 1.327131 40.413608 1.560892 0.903581
