Car -1 -1 -1.642539 631.545516 177.824662 677.410769 215.442889 1.438140 1.629302 4.153150 1.794211 1.685987 30.882666 -1.584507 0.999774
Car -1 -1 -1.979777 894.693238 188.302681 1193.532398 311.627911 1.496544 1.687464 4.016734 6.030216 1.743449 10.338039 -1.451725 0.999719
Car -1 -1 -0.673153 997.014812 177.484923 1598.416399 397.721721 1.562021 1.670431 4.217421 5.567860 1.640738 6.515599 0.033972 0.999476
Car -1 -1 -2.996889 114.969552 171.395827 360.360989 275.228095 1.542215 1.589120 3.738807 -6.014585 1.543656 11.978886 2.820971 0.999314
Car -1 -1 1.077559 798.676275 183.584282 1001.374689 267.162032 1.534056 1.732468 4.517814 5.905374 1.764263 15.209432 1.447913 0.999285
Car -1 -1 -2.214097 226.534353 169.609187 409.531070 247.406335 1.627268 1.811032 4.106235 -6.599885 1.541413 16.241577 -2.600072 0.995610
Car -1 -1 -1.259624 -76.686643 189.050222 237.328064 335.294231 1.544383 1.618847 4.216567 -7.025343 1.797005 9.666772 -1.888080 0.995040
Car -1 -1 -0.881662 749.883691 181.837118 886.896845 241.352178 1.488799 1.689815 3.691503 5.743941 1.758983 19.947247 -0.601291 0.984405
Car -1 -1 0.077891 356.696125 179.659795 490.230259 224.199841 1.327271 1.623674 4.236083 -6.108198 1.596883 23.909063 -0.172235 0.972957
Cyclist -1 -1 -1.695341 506.559510 171.374450 530.251243 222.023341 1.697985 0.600456 1.632525 -3.243196 1.688445 25.205095 -1.823310 0.939250
Car -1 -1 -1.145554 -331.492814 182.473697 243.710523 415.504268 1.488282 1.671574 4.228790 -5.235348 1.616505 6.414549 -1.830076 0.749471
