Car -1 -1 -1.882974 786.344584 178.766571 1071.663441 378.661671 1.586539 1.605804 3.805080 3.044950 1.681142 7.845439 -1.512753 0.999896
Car -1 -1 0.997279 440.033153 175.613491 521.175055 211.907187 1.387643 1.623690 3.718315 -5.460336 1.524825 30.136467 0.818036 0.999865
Car -1 -1 0.830908 60.738847 174.200488 352.849239 300.566478 1.567090 1.646738 3.830499 -5.779647 1.599094 10.433659 0.325043 0.999818
Car -1 -1 -1.665156 634.231102 175.387464 670.365095 204.293415 1.454113 1.628361 4.053815 2.291952 1.629776 40.377690 -1.608454 0.999221
Car -1 -1 -2.326175 256.531981 174.009806 444.299181 252.426531 1.466312 1.710822 3.937833 -5.673337 1.525832 15.732887 -2.672265 0.998584
Car -1 -1 -1.013229 773.857678 178.202365 871.250494 227.919873 1.449324 1.561027 3.454160 6.841259 1.652242 23.448183 -0.729349 0.997952
Car -1 -1 0.965580 713.458435 177.200486 806.538074 222.714523 1.437859 1.556884 3.739846 5.247370 1.611475 25.348750 1.169704 0.995218
Car -1 -1 -1.258747 -327.319311 183.534244 257.959369 407.386612 1.477366 1.612461 4.151155 -5.137139 1.595602 6.100427 -1.958634 0.976470
Car -1 -1 -0.699557 844.858193 179.393120 1098.116717 283.638375 1.492443 1.598775 3.596507 5.878666 1.617728 11.984444 -0.243518 0.872169
Car -1 -1 -2.051421 -70.261343 183.951666 279.436082 344.135774 1.452574 1.595879 3.828207 -5.847654 1.602938 8.160617 -2.673182 0.680306
