Car -1 -1 -1.733932 655.512125 175.094490 747.163022 241.488534 1.442136 1.620285 4.125086 2.082099 1.523247 18.143233 -1.619673 0.999870
Car -1 -1 -0.773972 142.157489 187.025507 363.149124 273.942202 1.443601 1.598713 3.961710 -6.691397 1.726874 13.635246 -1.230186 0.999282
Car -1 -1 -1.677808 630.880430 170.489570 673.005764 206.821851 1.489975 1.532535 3.732103 1.771174 1.414298 32.687992 -1.623677 0.997978
Car -1 -1 -2.250705 232.262348 181.853693 408.284368 255.989959 1.457380 1.646820 3.915458 -6.810214 1.705725 16.710372 -2.637698 0.990507
Pedestrian -1 -1 1.784008 76.306919 152.810034 245.325080 513.067294 1.678083 0.620607 0.657875 -2.322899 1.573560 3.718675 1.225655 0.983782
Car -1 -1 0.810352 476.694669 172.581992 536.200960 199.857283 1.493809 1.793569 3.508485 -6.139869 1.494000 43.159777 0.669041 0.951728
Car -1 -1 -0.986727 1069.567156 163.704840 1672.999358 476.656389 1.727970 1.663353 4.001773 5.735478 1.708739 5.793909 -0.206397 0.940468
Car -1 -1 2.363718 -52.440488 168.871556 404.362908 507.948524 1.614431 1.353778 2.538110 -2.771724 1.648806 4.983351 1.856130 0.918847
Car -1 -1 -1.201861 439.671411 176.464175 499.783269 212.232787 1.443069 1.647200 2.759084 -6.062262 1.629429 31.147945 -1.394086 0.851824
Car -1 -1 -1.011508 391.881817 177.019080 468.578776 215.925230 1.395987 1.500254 3.014023 -7.033338 1.613891 28.453303 -1.253839 0.721531
Car -1 -1 -1.415038 608.733328 160.459798 631.604487 186.238666 1.749612 1.323103 2.480709 0.741045 0.953004 53.614232 -1.401217 0.545829
