Pedestrian -1 -1 0.012867 527.416127 159.878478 555.550400 235.317614 1.819615 0.627890 0.703907 -1.499186 1.295591 17.538459 -0.072406 0.998198
Pedestrian -1 -1 -0.011990 569.997090 159.329528 603.970258 241.311602 1.837423 0.711113 0.848076 -0.379321 1.349431 16.809782 -0.034552 0.996345
Cyclist -1 -1 2.264353 64.942918 195.871455 161.374074 278.886237 1.612773 0.507198 1.882026 -10.412574 1.945408 15.248456 1.665222 0.982257
Pedestrian -1 -1 1.226940 601.723828 160.773536 626.500668 215.392933 1.698718 0.622810 0.674978 0.390044 1.059450 23.483133 1.243548 0.973137
Cyclist -1 -1 2.135283 702.301563 147.843447 776.788607 249.924773 1.815778 0.579438 1.836317 2.478140 1.175815 13.300897 2.319485 0.938543
Cyclist -1 -1 1.819194 261.620190 162.443457 394.346609 373.199523 1.633633 0.582657 1.817072 -2.436870 1.470351 6.348453 1.452685 0.928045
Pedestrian -1 -1 -1.001384 682.426268 159.980567 704.951546 205.291576 1.730172 0.689869 0.683413 3.743128 0.896311 29.414654 -0.874810 0.848233
Pedestrian -1 -1 -3.054795 1155.851585 121.360350 1328.693532 412.153705 1.801287 0.532170 0.786241 4.131831 1.410832 4.688926 -2.332471 0.715269
Pedestrian -1 -1 2.026973 444.436929 161.338168 474.666810 228.807734 1.730561 0.596307 0.646591 -3.800350 1.232493 19.180607 1.831371 0.672343
Pedestrian -1 -1 1.799203 588.319209 160.286814 616.630758 227.514505 1.711354 0.649519 0.745380 0.011698 1.188776 19.959196 1.799789 0.663876
Pedestrian -1 -1 -0.280426 833.222824 155.835163 872.225111 256.006166 1.740938 0.463861 0.584615 4.681073 1.312313 13.513533 0.053037 0.662593
Pedestrian -1 -1 1.499737 558.633510 158.361677 585.757682 230.066557 1.843340 0.676682 1.021842 -0.853961 1.270518 20.006028 1.457078 0.509902
