Car -1 -1 1.758041 505.100988 172.323364 575.064483 225.507191 1.686931 1.748484 4.051195 -2.164601 1.394350 25.793077 1.674316 0.999116
Pedestrian -1 -1 -1.288776 164.362540 171.593212 283.179316 381.360581 1.615543 0.645428 0.823906 -3.223375 1.545742 6.060507 -1.777590 0.997594
Pedestrian -1 -1 1.248604 1086.332854 147.793475 1194.519304 351.183333 1.681503 0.538445 0.763126 4.840950 1.416362 6.532637 1.886347 0.995365
Pedestrian -1 -1 -0.083235 736.209537 175.629583 782.157178 263.752015 1.633164 0.572629 0.838778 3.094319 1.543070 14.347635 0.129179 0.990111
Pedestrian -1 -1 -0.061189 749.259700 155.809199 866.897257 407.439507 1.625160 0.821883 0.766911 1.286589 1.416350 4.888895 0.196142 0.987162
Pedestrian -1 -1 -1.323675 837.220118 154.257859 964.019951 400.843249 1.651211 0.744483 0.937338 2.234800 1.498507 5.517061 -0.938805 0.896105
Pedestrian -1 -1 -2.884972 1130.605581 151.251307 1191.751963 281.127610 1.751044 0.496408 0.515581 7.637796 1.333600 9.828568 -2.224350 0.817727
Car -1 -1 -1.425256 859.522915 187.261658 936.132521 244.085898 1.409335 1.707362 3.245060 8.454038 1.639815 20.593856 -1.035720 0.789429
Pedestrian -1 -1 0.324912 1155.633796 155.949927 1203.781165 249.745451 1.747173 0.468858 0.593196 11.368770 1.263580 14.150223 1.001744 0.776450
Cyclist -1 -1 -1.309402 466.858197 177.701437 494.956157 227.104296 1.617890 0.560631 1.475791 -4.180181 1.499775 24.701028 -1.477045 0.624610
Car -1 -1 1.846864 547.594971 165.924016 602.225504 208.455688 1.636187 1.468028 3.352627 -1.200790 1.011699 31.960607 1.809310 0.548195
