Pedestrian -1 -1 1.231973 659.621802 162.186399 751.776297 331.411593 1.640481 0.578289 1.049570 0.999835 1.452025 7.307008 1.367961 0.998471
Pedestrian -1 -1 -1.816905 469.878711 173.294591 497.206873 236.862529 1.735163 0.598366 0.661602 -3.281746 1.499054 19.789254 -1.981244 0.995368
Pedestrian -1 -1 0.963165 226.733119 171.485592 386.473185 447.216724 1.823818 0.613120 0.994016 -2.205529 1.783876 5.238311 0.564655 0.990293
Pedestrian -1 -1 1.732214 490.903467 170.950489 520.870227 236.769804 1.748149 0.692646 0.937236 -2.672158 1.467434 19.848398 1.598390 0.988943
Pedestrian -1 -1 0.673806 948.691006 125.500951 1028.863569 269.018436 1.915104 0.573665 0.721034 5.397713 1.153397 10.135612 1.163153 0.984437
Pedestrian -1 -1 1.810556 57.073806 145.107334 236.475643 532.175751 1.773131 0.654827 0.721729 -2.426738 1.634409 3.829790 1.245762 0.983504
Pedestrian -1 -1 0.683514 915.536839 128.047677 993.076932 272.350592 1.890816 0.592293 0.734346 4.926273 1.155463 10.147667 1.135461 0.982383
Pedestrian -1 -1 -1.621395 555.330423 174.453033 583.161264 235.824604 1.673740 0.739186 0.965805 -0.957377 1.474995 20.533581 -1.667986 0.972915
Pedestrian -1 -1 1.940614 588.222597 174.988834 617.558923 237.313834 1.763416 0.646759 0.925909 -0.019489 1.580156 21.015869 1.939687 0.945878
Car -1 -1 1.489316 520.797408 179.164696 547.845205 204.102306 1.468666 1.439624 2.835925 -4.262938 1.334832 45.913950 1.396736 0.899814
