Pedestrian -1 -1 1.292262 483.087210 156.211700 533.377172 273.136945 1.794200 0.649785 0.738507 -1.569486 1.416965 11.780952 1.159820 0.997925
Pedestrian -1 -1 -1.732487 1062.298334 134.669820 1219.478869 453.237766 1.638134 0.617039 0.632428 2.934058 1.377542 4.025072 -1.102597 0.997563
Car -1 -1 1.445324 551.379538 168.710964 584.874288 194.363441 1.482353 1.569943 3.672167 -2.078494 0.712074 45.591614 1.399766 0.997504
Pedestrian -1 -1 1.324099 451.441513 165.185511 498.142865 276.022108 1.645920 0.546472 0.653387 -1.968040 1.390706 10.907795 1.145595 0.997178
Pedestrian -1 -1 0.140418 642.277914 163.872923 674.640429 234.757887 1.760610 0.666394 0.753993 1.420665 1.317519 18.366013 0.217617 0.994558
Pedestrian -1 -1 1.677043 590.048384 159.183189 627.811108 241.418276 1.765024 0.746025 0.830952 0.130848 1.299053 15.972004 1.685236 0.989907
Pedestrian -1 -1 0.853792 -83.615514 165.551967 219.177814 595.918255 1.570235 0.597220 0.703132 -2.233041 1.507594 2.989961 0.212312 0.989885
Pedestrian -1 -1 1.283865 676.870401 167.963574 705.439140 228.005674 1.736902 0.637577 0.833600 2.663675 1.330384 21.606875 1.406525 0.965485
Cyclist -1 -1 1.020016 825.551172 202.263969 1001.123478 387.601646 1.585845 0.632778 1.733041 2.748186 1.767107 6.711881 1.408643 0.931703
Pedestrian -1 -1 1.251704 709.353146 158.507458 733.947431 213.584926 1.812820 0.607275 0.903436 4.156892 1.048492 25.073863 1.415995 0.811524
Pedestrian -1 -1 2.432735 29.849613 185.132216 248.132170 469.437591 1.499753 0.634323 1.049819 -3.015571 1.556511 4.686102 1.860933 0.656063
Pedestrian -1 -1 2.313559 988.645751 146.420381 1026.707984 230.405016 1.673835 0.484060 0.463804 8.368805 0.981492 14.871184 2.826140 0.563417
Pedestrian -1 -1 -0.080841 628.266479 163.351662 657.210588 228.357584 1.721756 0.637217 0.748962 1.085165 1.216854 19.667101 -0.025721 0.515978
