Car -1 -1 1.250977 768.325410 186.412713 1020.600743 361.915726 1.549426 1.606895 3.859896 3.018980 1.751473 8.715358 1.584439 0.999964
Car -1 -1 1.812630 399.822699 185.369659 529.926780 272.252362 1.471485 1.636359 4.546283 -2.931683 1.784049 15.270225 1.622951 0.999960
Car -1 -1 -1.793857 704.406289 184.596598 825.169910 273.418616 1.536483 1.560084 3.924976 3.002365 1.804166 15.012366 -1.596469 0.999766
Car -1 -1 1.706036 519.895516 182.027329 565.325865 217.237561 1.494532 1.581210 3.650905 -3.211878 1.976977 34.020392 1.611905 0.999614
Car -1 -1 1.475480 545.333527 180.978593 579.638275 210.439540 1.655783 1.679404 3.538017 -2.917393 2.209382 44.248559 1.409644 0.996718
Car -1 -1 1.425177 492.074676 181.442896 550.157481 222.682255 1.467915 1.574062 3.679886 -3.597432 1.857902 29.645607 1.304420 0.992174
Car -1 -1 1.446767 680.216805 189.300910 735.810390 235.824570 1.388426 1.472776 3.611892 3.245701 1.981282 24.950757 1.576125 0.981983
Car -1 -1 1.463340 644.538316 173.406188 675.193482 200.477212 1.649365 1.645748 3.737163 3.242626 1.738318 47.988754 1.530808 0.977817
Car -1 -1 1.481762 657.104151 179.742304 689.713252 209.878064 1.501017 1.588097 3.648027 3.405386 1.934006 40.253660 1.566159 0.953815
Car -1 -1 1.499824 664.057789 184.535884 702.717765 219.620904 1.446047 1.567313 3.654205 3.336047 2.020194 33.917234 1.597867 0.895158
