Car -1 -1 -0.939568 930.672977 183.750060 1186.165664 310.649492 1.528058 1.608725 3.237731 6.297908 1.707942 10.348546 -0.392864 0.999848
Car -1 -1 0.733653 -50.252796 187.441429 319.930528 327.716908 1.502740 1.676510 3.872080 -5.856292 1.708803 9.079474 0.160799 0.999762
Car -1 -1 -2.383736 173.717010 177.379636 400.276444 275.556285 1.508227 1.569418 3.825824 -5.650986 1.607346 12.778693 -2.800101 0.999722
Car -1 -1 -0.341981 737.004925 183.049764 906.874513 241.469090 1.542273 1.656617 3.905427 5.762463 1.836228 20.107219 -0.062874 0.999324
Car -1 -1 -0.108180 390.080899 180.524117 494.771906 224.298297 1.421008 1.670362 3.508827 -6.082321 1.733389 25.920383 -0.338664 0.997425
Car -1 -1 -0.511364 1034.677411 199.478382 1545.141534 350.415336 1.431347 1.574550 3.260130 6.649272 1.724160 7.393383 0.221094 0.996258
Car -1 -1 -1.674827 635.872632 181.885832 677.171266 215.230824 1.346428 1.578026 3.713996 1.998409 1.811780 33.060330 -1.614453 0.989835
Car -1 -1 0.541141 -285.007039 178.683954 272.107613 371.899647 1.570581 1.630892 4.359465 -6.001899 1.739933 7.536718 -0.131373 0.933244
Car -1 -1 -1.184026 347.883658 183.524092 443.924233 233.327554 1.447159 1.578697 3.840353 -7.154464 1.837790 24.040848 -1.473276 0.792408
Car -1 -1 -2.242772 260.629781 184.146233 404.938125 246.568087 1.431545 1.623876 3.842448 -7.414736 1.769935 19.228221 -2.610818 0.719699
