Car -1 -1 -1.759455 737.492999 183.654744 864.145126 279.317063 1.516573 1.617371 3.737479 3.382595 1.741985 13.663122 -1.516763 0.999949
Car -1 -1 -2.500812 371.746116 181.201004 500.020806 229.047158 1.494681 1.623879 4.066532 -6.059813 1.826860 24.786928 -2.740586 0.999484
Car -1 -1 -0.155833 70.226181 177.037425 383.613041 301.498040 1.533592 1.652896 3.958462 -5.541174 1.623505 10.519349 -0.640659 0.998894
Car -1 -1 -1.686173 682.893342 181.975040 729.647543 219.445595 1.398648 1.509321 3.522786 3.858870 1.809159 29.729059 -1.557093 0.998594
Car -1 -1 -3.092123 255.168098 184.134890 441.901456 250.949665 1.471928 1.673912 4.227399 -6.437725 1.793154 17.893181 2.845695 0.998344
Car -1 -1 0.872995 496.222604 180.532557 568.235838 210.925484 1.390532 1.720985 3.625301 -3.883816 1.785121 35.871232 0.765144 0.980303
Car -1 -1 -0.042709 454.454592 183.874960 539.089850 220.561565 1.392931 1.623348 3.392426 -4.782428 1.910698 30.092209 -0.200317 0.836368
Car -1 -1 1.472624 651.505495 167.387466 683.303574 199.270063 1.756757 1.577609 3.278291 3.366108 1.459759 43.217044 1.550355 0.767601
Car -1 -1 -1.660714 715.318349 183.804376 780.415000 246.816945 1.611794 1.566003 3.490501 3.778271 1.936927 20.689235 -1.480084 0.658562
Car -1 -1 1.909897 558.067902 172.665994 596.190011 197.443039 1.646334 1.562705 3.666217 -2.438502 1.708150 52.478290 1.863464 0.522871
