Car -1 -1 -1.866810 775.982554 178.846381 1023.356668 335.203671 1.515905 1.646959 3.896087 3.290829 1.609761 9.064974 -1.518577 0.999966
Car -1 -1 2.056107 -44.707834 202.381330 298.784440 362.419166 1.420864 1.697042 4.439390 -5.781950 1.871688 9.329315 1.501283 0.999934
Car -1 -1 1.881046 252.255596 191.141000 404.776209 277.327892 1.419485 1.637573 3.946246 -5.567143 1.831117 14.549465 1.515598 0.999908
Car -1 -1 1.328870 485.811826 179.445151 533.094082 210.730415 1.515472 1.577675 3.873561 -5.509304 1.917229 39.434119 1.190060 0.999763
Car -1 -1 1.375539 705.165136 182.783156 786.727900 245.365615 1.478929 1.559082 3.429317 3.595222 1.794126 19.781568 1.555323 0.999700
Car -1 -1 1.850516 401.347045 187.022365 482.810956 236.631422 1.481890 1.651144 4.143700 -5.867101 2.033180 25.323990 1.622852 0.999330
Car -1 -1 -1.496301 660.814037 180.048463 706.581153 214.665465 1.518354 1.650840 3.649424 3.326623 1.861285 33.779345 -1.398137 0.998882
Car -1 -1 -1.847509 679.652985 182.776984 736.423311 225.216866 1.475710 1.441673 3.253215 3.601479 1.900912 27.804974 -1.718700 0.935979
Car -1 -1 1.850523 538.320826 174.119145 572.581762 197.516908 1.637673 1.579803 3.879521 -4.183035 1.798072 55.155141 1.774827 0.859073
Car -1 -1 -0.744471 949.056083 191.502632 1661.128002 510.504397 1.466020 1.617211 3.985593 4.310562 1.648945 5.115396 -0.044251 0.672855
