Car -1 -1 -1.846988 707.661826 176.006463 824.073274 251.123307 1.472470 1.613768 3.771837 3.306718 1.574162 16.375764 -1.647740 0.999916
Car -1 -1 2.300847 -147.153789 205.981734 250.559992 400.707896 1.463145 1.507199 3.490528 -5.475553 1.876819 7.759637 1.686342 0.999909
Car -1 -1 1.926754 214.039412 198.333708 381.647534 289.429058 1.418560 1.718086 4.474864 -6.241903 2.026193 14.939884 1.530997 0.999868
Car -1 -1 1.848361 364.340023 190.214809 463.824302 247.988623 1.450698 1.721380 4.260461 -5.862153 2.027836 21.749752 1.585090 0.999761
Car -1 -1 -1.438364 663.921576 178.338586 715.550864 217.037106 1.532286 1.583589 3.796074 3.370400 1.791793 31.006603 -1.330089 0.999705
Car -1 -1 1.162695 874.129338 156.976024 1033.063234 223.044191 1.457951 1.636167 3.953737 8.580405 1.091551 17.983129 1.607885 0.999178
Car -1 -1 -2.924394 931.889961 152.413152 1137.756971 223.574417 1.708645 1.661469 4.366818 11.121557 1.195950 19.095164 -2.396996 0.998520
Car -1 -1 1.781598 432.824844 187.263818 488.647090 230.499718 1.540551 1.519844 3.622514 -5.908809 2.149515 28.857926 1.579634 0.998214
Car -1 -1 1.758602 479.943114 185.158598 521.781691 215.796370 1.533805 1.625971 3.880019 -6.132058 2.276770 40.591653 1.608669 0.997853
Car -1 -1 1.800206 515.569966 180.111972 549.783067 204.780537 1.596712 1.600997 3.787465 -5.470865 2.173555 51.079313 1.693508 0.992343
Car -1 -1 2.427556 1097.463937 136.557926 1456.546508 253.357995 1.705968 1.767729 4.721325 10.938278 1.146676 12.281349 -3.128009 0.988845
Car -1 -1 1.230525 1023.910459 139.997737 1261.578280 238.165541 1.607908 1.634497 4.230119 9.875990 1.031358 13.433781 1.864461 0.983964
Car -1 -1 -1.773698 681.395290 178.550059 746.168058 224.584503 1.512999 1.589218 3.951049 3.634087 1.736618 26.315512 -1.636469 0.965706
Car -1 -1 -1.703210 648.547598 177.288726 682.915738 208.823917 1.618748 1.526905 3.102736 3.098564 1.868573 40.868971 -1.627538 0.809386
