Car -1 -1 -1.978671 875.845518 188.171955 1084.767356 290.009296 1.501359 1.711496 3.852017 6.288396 1.814563 12.729053 -1.519819 0.999678
Car -1 -1 -1.648710 631.365010 179.330899 679.670487 218.472743 1.441365 1.640055 4.132510 1.753097 1.742603 29.718554 -1.589788 0.998533
Car -1 -1 -2.651081 13.481474 178.480945 346.037937 291.588074 1.530001 1.573229 4.015560 -6.266403 1.630798 10.765935 3.104982 0.998524
Car -1 -1 -0.475805 909.978969 191.962311 1420.284867 349.982321 1.481016 1.561826 4.052240 5.930848 1.718165 8.090024 0.156796 0.998348
Car -1 -1 -2.054511 -360.259231 185.293411 157.445529 388.730407 1.443048 1.610124 3.695071 -5.625514 1.488198 5.815590 -2.823297 0.991668
Cyclist -1 -1 -1.712155 493.325346 172.608078 521.411379 231.956201 1.710698 0.579541 1.633285 -3.123938 1.707314 21.669456 -1.855332 0.986145
Car -1 -1 -0.049350 359.594651 180.080455 480.851369 222.197586 1.360145 1.664932 4.232701 -6.653440 1.647228 25.564504 -0.303962 0.981027
Car -1 -1 0.863768 768.755128 184.047721 913.066945 252.101795 1.449155 1.490377 3.637597 5.431705 1.739063 17.165505 1.170231 0.961677
Car -1 -1 0.909284 174.230688 167.562503 383.589158 256.043437 1.583696 1.785637 3.939544 -6.597913 1.509030 14.321207 0.477560 0.906653
Car -1 -1 -1.631533 615.727662 176.349845 643.395522 202.620986 1.576459 1.590339 3.537264 1.152937 1.805176 46.339624 -1.606658 0.804659
Car -1 -1 2.201240 1073.195728 195.762172 1547.983323 437.465461 1.487539 1.620950 3.420646 5.434231 1.706897 6.070162 2.931418 0.700740
