Pedestrian -1 -1 -1.808006 629.667471 164.101881 700.769029 315.284696 1.635696 0.568987 0.953364 0.679294 1.453718 8.244096 -1.725794 0.997338
Pedestrian -1 -1 1.424841 206.344279 164.282255 338.528451 430.931354 1.757007 0.758755 0.869670 -2.419043 1.636274 5.159907 0.986451 0.993669
Pedestrian -1 -1 0.165324 461.503592 176.885060 489.829473 236.235308 1.683413 0.574227 0.707929 -3.629789 1.554952 20.649334 -0.008681 0.992586
Cyclist -1 -1 -0.577948 883.509314 182.460324 1237.313080 480.379948 1.615006 0.474969 1.673519 2.557368 1.569973 4.119851 -0.022416 0.984687
Pedestrian -1 -1 1.895092 585.318368 173.670019 613.484727 233.420278 1.709313 0.653218 0.744688 -0.098967 1.476734 21.114035 1.890405 0.983306
Pedestrian -1 -1 -0.005844 551.596048 173.048420 579.335795 236.196253 1.698147 0.695042 0.857668 -1.054738 1.447317 20.292985 -0.057772 0.983052
Pedestrian -1 -1 -3.101491 484.292204 173.128373 510.222352 229.753573 1.754280 0.644627 0.785967 -3.314337 1.489207 22.723987 3.036864 0.975390
Pedestrian -1 -1 0.358080 1018.106339 117.852463 1183.437503 445.383227 1.817689 0.760993 0.669604 3.225955 1.496975 4.723660 0.957261 0.972994
Pedestrian -1 -1 -2.350827 900.702218 147.382601 957.483252 262.864613 1.796652 0.598441 0.556927 5.291055 1.280806 11.699340 -1.926101 0.959731
Pedestrian -1 -1 1.949985 346.955319 177.719411 460.022958 368.176467 1.693916 0.623499 1.133539 -1.888325 1.640784 6.755099 1.677402 0.932655
Cyclist -1 -1 2.154823 304.414509 144.464319 494.000495 447.230358 1.728039 0.546576 1.720725 -1.415011 1.580400 5.313252 1.894547 0.727915
Pedestrian -1 -1 1.284691 564.922074 173.119243 589.958277 231.656460 1.743321 0.654651 0.738941 -0.819816 1.484259 22.928019 1.248950 0.701276
Pedestrian -1 -1 2.658241 473.214079 171.335646 497.534843 228.124980 1.754780 0.576013 0.560940 -3.616712 1.426986 22.274151 2.497273 0.511560
