Car -1 -1 -1.946016 794.107516 183.949499 1098.201029 360.322147 1.451616 1.596073 3.791780 3.373142 1.602942 8.069791 -1.550092 0.999978
Car -1 -1 -1.816387 729.382130 180.883825 866.420856 275.209883 1.517884 1.622819 3.833923 3.382803 1.691821 13.950114 -1.578486 0.999955
Car -1 -1 2.002168 203.421499 194.827014 393.698068 291.655169 1.425984 1.706614 4.236158 -5.776633 1.913874 13.895550 1.608185 0.999945
Car -1 -1 1.889665 344.697551 190.096072 449.122104 252.439752 1.468068 1.640637 4.105952 -5.865074 2.008668 20.332237 1.608827 0.999786
Car -1 -1 1.360936 438.296200 185.666322 503.500418 226.775089 1.488180 1.586323 4.145546 -5.741265 2.066048 29.911158 1.171299 0.999691
Car -1 -1 1.694172 680.284222 180.172253 746.644522 231.799323 1.555880 1.585600 3.418383 3.363553 1.820999 24.152803 1.832543 0.999431
Car -1 -1 1.829545 498.587191 180.407248 540.915513 207.816744 1.501367 1.639563 4.009570 -5.568630 2.023260 44.734010 1.705699 0.999322
Car -1 -1 2.377740 1054.495839 143.945241 1438.411983 267.606982 1.667659 1.713977 4.376084 9.052176 1.293123 10.611011 3.084026 0.996699
Car -1 -1 2.412378 -426.115052 207.631424 159.606306 441.450836 1.514662 1.617929 4.255625 -6.889644 2.002848 7.582226 1.674800 0.976767
Car -1 -1 -1.685563 654.236900 180.061908 691.801562 211.892000 1.575543 1.700938 3.526324 3.250972 1.996431 38.738355 -1.601838 0.950923
Car -1 -1 1.392377 668.485150 181.861929 715.930339 222.652751 1.492234 1.409219 2.671301 3.156767 1.864525 28.468319 1.502813 0.500493
