Pedestrian -1 -1 0.364866 841.258825 154.936054 966.305612 366.816882 1.659287 0.740882 0.825138 2.522623 1.461694 6.166028 0.753207 0.998858
Pedestrian -1 -1 1.344373 479.291142 163.804007 512.076378 247.307481 1.727765 0.557300 0.654337 -2.285162 1.352763 15.252725 1.195659 0.998447
Pedestrian -1 -1 1.790408 500.396046 159.586771 537.012494 247.622954 1.788914 0.616110 0.790714 -1.774598 1.327246 15.203256 1.674209 0.996377
Pedestrian -1 -1 1.734876 617.624068 166.127663 648.627466 233.064436 1.737001 0.738316 0.828178 0.838854 1.316177 19.698567 1.777434 0.993953
Pedestrian -1 -1 2.450626 963.898422 122.137512 1085.822826 307.313919 1.874407 0.628860 0.881469 4.601548 1.278015 7.896414 2.978257 0.984625
Pedestrian -1 -1 2.306851 94.321332 165.969432 324.199899 545.905378 1.541507 0.591895 0.776092 -1.889964 1.473869 3.584206 1.821600 0.980345
Car -1 -1 1.702041 541.973643 168.661965 571.352849 193.287916 1.489553 1.484054 3.332495 -2.851834 0.640971 46.234966 1.640437 0.979789
Pedestrian -1 -1 1.930432 654.182481 163.706645 682.488597 226.676501 1.790588 0.599747 0.887996 1.973170 1.294376 21.585295 2.021592 0.966043
Pedestrian -1 -1 -0.013283 570.676614 163.873686 601.296185 237.028784 1.710970 0.800077 0.953224 -0.422768 1.314510 18.253712 -0.036439 0.965899
Pedestrian -1 -1 -1.105327 683.038538 159.013646 720.742668 229.192923 1.799787 0.602176 0.971619 2.658741 1.219996 19.112646 -0.967105 0.873106
Pedestrian -1 -1 1.026565 185.227435 177.633157 318.079669 437.642976 1.638148 0.642963 0.656195 -2.558457 1.689170 5.194974 0.568945 0.821922
Pedestrian -1 -1 2.700278 -64.945987 180.588495 192.807597 551.532893 1.564370 0.684839 0.857645 -2.763361 1.587463 3.680626 2.056274 0.802188
